lon,lat,U,V
60,20,0,0
60,21,0,0
60,22,0,0
60,23,0,0
60,24,0,0
60,25,0,0
60,26,0,0
60,27,0,0
60,28,0,0
60,29,0,0
60,30,0,0
60,31,0,0
60,32,0,0
60,33,0,0
60,34,0,0
60,35,0,0
60,36,0,0
60,37,0,0
60,38,0,0
60,39,0,0
60,40,0,0
60,41,0,0
60,42,0,0
60,43,0,0
60,44,0,0
60,45,0,0
60,46,0,0
60,47,0,0
60,48,0,0
60,49,0,0
60,50,0,0
60,51,0,0
60,52,0,0
60,53,0,0
60,54,0,0
60,55,0,0
60,56,0,0
60,57,0,0
60,58,0,0
60,59,0,0
60,60,0,0
60,61,0,0
60,62,0,0
60,63,0,0
60,64,0,0
60,65,0,0
61,20,0,0
61,21,0,0
61,22,0,0
61,23,0,0
61,24,0,0
61,25,0,0
61,26,0,0
61,27,0,0
61,28,0,0
61,29,0,0
61,30,0,0
61,31,0,0
61,32,0,0
61,33,0,0
61,34,0,0
61,35,0,0
61,36,0,0
61,37,0,0
61,38,0,0
61,39,0,0
61,40,0,0
61,41,0,0
61,42,0,0
61,43,0,0
61,44,0,0
61,45,0,0
61,46,0,0
61,47,0,0
61,48,0,0
61,49,0,0
61,50,0,0
61,51,0,0
61,52,0,0
61,53,0,0
61,54,0,0
61,55,0,0
61,56,0,0
61,57,0,0
61,58,0,0
61,59,0,0
61,60,0,0
61,61,0,0
61,62,0,0
61,63,0,0
61,64,0,0
61,65,0,0
62,20,0,0
62,21,0,0
62,22,0,0
62,23,0,0
62,24,0,0
62,25,0,0
62,26,0,0
62,27,0,0
62,28,0,0
62,29,0,0
62,30,0,0
62,31,0,0
62,32,0,0
62,33,0,0
62,34,0,0
62,35,0,0
62,36,0,0
62,37,0,0
62,38,0,0
62,39,0,0
62,40,0,0
62,41,0,0
62,42,0,0
62,43,0,0
62,44,0,0
62,45,0,0
62,46,0,0
62,47,0,0
62,48,0,0
62,49,0,0
62,50,0,0
62,51,0,0
62,52,0,0
62,53,0,0
62,54,0,0
62,55,0,0
62,56,0,0
62,57,0,0
62,58,0,0
62,59,0,0
62,60,0,0
62,61,0,0
62,62,0,0
62,63,0,0
62,64,0,0
62,65,0,0
63,20,0,0
63,21,0,0
63,22,0,0
63,23,0,0
63,24,0,0
63,25,0,0
63,26,0,0
63,27,0,0
63,28,0,0
63,29,0,0
63,30,0,0
63,31,0,0
63,32,0,0
63,33,0,0
63,34,0,0
63,35,0,0
63,36,0,0
63,37,0,0
63,38,0,0
63,39,0,0
63,40,0,0
63,41,0,0
63,42,0,0
63,43,0,0
63,44,0,0
63,45,0,0
63,46,0,0
63,47,0,0
63,48,0,0
63,49,0,0
63,50,0,0
63,51,0,0
63,52,0,0
63,53,0,0
63,54,0,0
63,55,0,0
63,56,0,0
63,57,0,0
63,58,0,0
63,59,0,0
63,60,0,0
63,61,0,0
63,62,0,0
63,63,0,0
63,64,0,0
63,65,0,0
64,20,0,0
64,21,0,0
64,22,0,0
64,23,0,0
64,24,0,0
64,25,0,0
64,26,0,0
64,27,0,0
64,28,0,0
64,29,0,0
64,30,0,0
64,31,0,0
64,32,0,0
64,33,0,0
64,34,0,0
64,35,0,0
64,36,0,0
64,37,0,0
64,38,0,0
64,39,0,0
64,40,0,0
64,41,0,0
64,42,0,0
64,43,0,0
64,44,0,0
64,45,0,0
64,46,0,0
64,47,0,0
64,48,0,0
64,49,0,0
64,50,0,0
64,51,0,0
64,52,0,0
64,53,0,0
64,54,0,0
64,55,0,0
64,56,0,0
64,57,0,0
64,58,0,0
64,59,0,0
64,60,0,0
64,61,0,0
64,62,0,0
64,63,0,0
64,64,0,0
64,65,0,0
65,20,0,0
65,21,0,0
65,22,0,0
65,23,0,0
65,24,0,0
65,25,0,0
65,26,0,0
65,27,0,0
65,28,0,0
65,29,0,0
65,30,0,0
65,31,0,0
65,32,0,0
65,33,0,0
65,34,0,0
65,35,0,0
65,36,0,0
65,37,0,0
65,38,0,0
65,39,0,0
65,40,0,0
65,41,0,0
65,42,0,0
65,43,0,0
65,44,0,0
65,45,0,0
65,46,0,0
65,47,0,0
65,48,0,0
65,49,0,0
65,50,0,0
65,51,0,0
65,52,0,0
65,53,0,0
65,54,0,0
65,55,0,0
65,56,0,0
65,57,0,0
65,58,0,0
65,59,0,0
65,60,0,0
65,61,0,0
65,62,0,0
65,63,0,0
65,64,0,0
65,65,0,0
66,20,0,0
66,21,0,0
66,22,0,0
66,23,0,0
66,24,0,0
66,25,0,0
66,26,0,0
66,27,0,0
66,28,0,0
66,29,0,0
66,30,0,0
66,31,0,0
66,32,0,0
66,33,0,0
66,34,0,0
66,35,0,0
66,36,0,0
66,37,0,0
66,38,0,0
66,39,0,0
66,40,0,0
66,41,0,0
66,42,0,0
66,43,0,0
66,44,0,0
66,45,0,0
66,46,0,0
66,47,0,0
66,48,0,0
66,49,0,0
66,50,0,0
66,51,0,0
66,52,0,0
66,53,0,0
66,54,0,0
66,55,0,0
66,56,0,0
66,57,0,0
66,58,0,0
66,59,0,0
66,60,0,0
66,61,0,0
66,62,0,0
66,63,0,0
66,64,0,0
66,65,0,0
67,20,0,0
67,21,0,0
67,22,0,0
67,23,0,0
67,24,0,0
67,25,0,0
67,26,0,0
67,27,0,0
67,28,0,0
67,29,0,0
67,30,0,0
67,31,0,0
67,32,0,0
67,33,0,0
67,34,0,0
67,35,0,0
67,36,0,0
67,37,0,0
67,38,0,0
67,39,0,0
67,40,0,0
67,41,0,0
67,42,0,0
67,43,0,0
67,44,0,0
67,45,0,0
67,46,0,0
67,47,0,0
67,48,0,0
67,49,0,0
67,50,0,0
67,51,0,0
67,52,0,0
67,53,0,0
67,54,0,0
67,55,0,0
67,56,0,0
67,57,0,0
67,58,0,0
67,59,0,0
67,60,0,0
67,61,0,0
67,62,0,0
67,63,0,0
67,64,0,0
67,65,0,0
68,20,0,0
68,21,0,0
68,22,0,0
68,23,0,0
68,24,0,0
68,25,0,0
68,26,0,0
68,27,0,0
68,28,0,0
68,29,0,0
68,30,0,0
68,31,0,0
68,32,0,0
68,33,0,0
68,34,0,0
68,35,0,0
68,36,0,0
68,37,0,0
68,38,0,0
68,39,0,0
68,40,0,0
68,41,0,0
68,42,0,0
68,43,0,0
68,44,0,0
68,45,0,0
68,46,0,0
68,47,0,0
68,48,0,0
68,49,0,0
68,50,0,0
68,51,0,0
68,52,0,0
68,53,0,0
68,54,0,0
68,55,0,0
68,56,0,0
68,57,0,0
68,58,0,0
68,59,0,0
68,60,0,0
68,61,0,0
68,62,0,0
68,63,0,0
68,64,0,0
68,65,0,0
69,20,0,0
69,21,0,0
69,22,0,0
69,23,0,0
69,24,0,0
69,25,0,0
69,26,0,0
69,27,0,0
69,28,0,0
69,29,0,0
69,30,0,0
69,31,0,0
69,32,0,0
69,33,0,0
69,34,0,0
69,35,0,0
69,36,0,0
69,37,0,0
69,38,0,0
69,39,0,0
69,40,0,0
69,41,0,0
69,42,0,0
69,43,0,0
69,44,0,0
69,45,0,0
69,46,0,0
69,47,0,0
69,48,0,0
69,49,0,0
69,50,0,0
69,51,0,0
69,52,0,0
69,53,0,0
69,54,0,0
69,55,0,0
69,56,0,0
69,57,0,0
69,58,0,0
69,59,0,0
69,60,0,0
69,61,0,0
69,62,0,0
69,63,0,0
69,64,0,0
69,65,0,0
70,20,0,0
70,21,0,0
70,22,0,0
70,23,0,0
70,24,0,0
70,25,0,0
70,26,0,0
70,27,0,0
70,28,0,0
70,29,0,0
70,30,0,0
70,31,0,0
70,32,0,0
70,33,0,0
70,34,0,0
70,35,0,0
70,36,0,0
70,37,0,0
70,38,0,0
70,39,0,0
70,40,0,0
70,41,0,0
70,42,0,0
70,43,0,0
70,44,0,0
70,45,0,0
70,46,0,0
70,47,0,0
70,48,0,0
70,49,0,0
70,50,0,0
70,51,0,0
70,52,0,0
70,53,0,0
70,54,0,0
70,55,0,0
70,56,0,0
70,57,0,0
70,58,0,0
70,59,0,0
70,60,0,0
70,61,0,0
70,62,0,0
70,63,0,0
70,64,0,0
70,65,0,0
71,20,0,0
71,21,0,0
71,22,0,0
71,23,0,0
71,24,0,0
71,25,0,0
71,26,0,0
71,27,0,0
71,28,0,0
71,29,0,0
71,30,0,0
71,31,0,0
71,32,0,0
71,33,0,0
71,34,0,0
71,35,0,0
71,36,0,0
71,37,0,0
71,38,0,0
71,39,0,0
71,40,0,0
71,41,0,0
71,42,0,0
71,43,0,0
71,44,0,0
71,45,0,0
71,46,0,0
71,47,0,0
71,48,0,0
71,49,0,0
71,50,0,0
71,51,0,0
71,52,0,0
71,53,0,0
71,54,0,0
71,55,0,0
71,56,0,0
71,57,0,0
71,58,0,0
71,59,0,0
71,60,0,0
71,61,0,0
71,62,0,0
71,63,0,0
71,64,0,0
71,65,0,0
72,20,0,0
72,21,0,0
72,22,0,0
72,23,0,0
72,24,0,0
72,25,0,0
72,26,0,0
72,27,0,0
72,28,0,0
72,29,0,0
72,30,0,0
72,31,0,0
72,32,0,0
72,33,0,0
72,34,0,0
72,35,0,0
72,36,0,0
72,37,0,0
72,38,0,0
72,39,0,0
72,40,0,0
72,41,0,0
72,42,0,0
72,43,0,0
72,44,0,0
72,45,0,0
72,46,0,0
72,47,0,0
72,48,0,0
72,49,0,0
72,50,0,0
72,51,0,0
72,52,0,0
72,53,0,0
72,54,0,0
72,55,0,0
72,56,0,0
72,57,0,0
72,58,0,0
72,59,0,0
72,60,0,0
72,61,0,0
72,62,0,0
72,63,0,0
72,64,0,0
72,65,0,0
73,20,0,0
73,21,0,0
73,22,0,0
73,23,0,0
73,24,0,0
73,25,0,0
73,26,0,0
73,27,0,0
73,28,0,0
73,29,0,0
73,30,0,0
73,31,0,0
73,32,0,0
73,33,0,0
73,34,0,0
73,35,0,0
73,36,0,0
73,37,0,0
73,38,0,0
73,39,0,0
73,40,0,0
73,41,0,0
73,42,0,0
73,43,0,0
73,44,0,0
73,45,0,0
73,46,0,0
73,47,0,0
73,48,0,0
73,49,0,0
73,50,0,0
73,51,0,0
73,52,0,0
73,53,0,0
73,54,0,0
73,55,0,0
73,56,0,0
73,57,0,0
73,58,0,0
73,59,0,0
73,60,0,0
73,61,0,0
73,62,0,0
73,63,0,0
73,64,0,0
73,65,0,0
74,20,0,0
74,21,0,0
74,22,0,0
74,23,0,0
74,24,0,0
74,25,0,0
74,26,0,0
74,27,0,0
74,28,0,0
74,29,0,0
74,30,0,0
74,31,0,0
74,32,0,0
74,33,0,0
74,34,0,0
74,35,0,0
74,36,0,0
74,37,0,0
74,38,0,0
74,39,7.85219,-1.36906
74,40,5.34,-4.66933
74,41,0,0
74,42,0,0
74,43,0,0
74,44,0,0
74,45,0,0
74,46,0,0
74,47,0,0
74,48,0,0
74,49,0,0
74,50,0,0
74,51,0,0
74,52,0,0
74,53,0,0
74,54,0,0
74,55,0,0
74,56,0,0
74,57,0,0
74,58,0,0
74,59,0,0
74,60,0,0
74,61,0,0
74,62,0,0
74,63,0,0
74,64,0,0
74,65,0,0
75,20,0,0
75,21,0,0
75,22,0,0
75,23,0,0
75,24,0,0
75,25,0,0
75,26,0,0
75,27,0,0
75,28,0,0
75,29,0,0
75,30,0,0
75,31,0,0
75,32,0,0
75,33,0,0
75,34,0,0
75,35,0,0
75,36,0,0
75,37,6.70188,-0.974375
75,38,6.43296,-2.66889
75,39,4.96488,-2.5961
75,40,5.04475,-6.60175
75,41,3.96,-4.86
75,42,0,0
75,43,0,0
75,44,0,0
75,45,0,0
75,46,0,0
75,47,0,0
75,48,0,0
75,49,0,0
75,50,0,0
75,51,0,0
75,52,0,0
75,53,0,0
75,54,0,0
75,55,0,0
75,56,0,0
75,57,0,0
75,58,0,0
75,59,0,0
75,60,0,0
75,61,0,0
75,62,0,0
75,63,0,0
75,64,0,0
75,65,0,0
76,20,0,0
76,21,0,0
76,22,0,0
76,23,0,0
76,24,0,0
76,25,0,0
76,26,0,0
76,27,0,0
76,28,0,0
76,29,0,0
76,30,0,0
76,31,0,0
76,32,0,0
76,33,0,0
76,34,0,0
76,35,0,0
76,36,7.53857,0.615714
76,37,4.51359,-1.00897
76,38,-0.0218605,-0.452558
76,39,4.09262,-3.86
76,40,2.07684,-4.53737
76,41,4.55,-4.32
76,42,0,0
76,43,0,0
76,44,0,0
76,45,0,0
76,46,0,0
76,47,0,0
76,48,0,0
76,49,0,0
76,50,0,0
76,51,0,0
76,52,0,0
76,53,0,0
76,54,0,0
76,55,0,0
76,56,0,0
76,57,0,0
76,58,0,0
76,59,0,0
76,60,0,0
76,61,0,0
76,62,0,0
76,63,0,0
76,64,0,0
76,65,0,0
77,20,0,0
77,21,0,0
77,22,0,0
77,23,0,0
77,24,0,0
77,25,0,0
77,26,0,0
77,27,0,0
77,28,0,0
77,29,0,0
77,30,0,0
77,31,0,0
77,32,0,0
77,33,0,0
77,34,0,0
77,35,0,0
77,36,7.62757,-1.05108
77,37,0.728667,-1.178
77,38,-0.652143,-3.69786
77,39,1.77,-1.62095
77,40,0.468537,-2.6622
77,41,4.901,-5.213
77,42,0,0
77,43,0,0
77,44,0,0
77,45,0,0
77,46,0,0
77,47,0,0
77,48,0,0
77,49,0,0
77,50,0,0
77,51,0,0
77,52,0,0
77,53,0,0
77,54,0,0
77,55,0,0
77,56,0,0
77,57,0,0
77,58,0,0
77,59,0,0
77,60,0,0
77,61,0,0
77,62,0,0
77,63,0,0
77,64,0,0
77,65,0,0
78,20,0,0
78,21,0,0
78,22,0,0
78,23,0,0
78,24,0,0
78,25,0,0
78,26,0,0
78,27,0,0
78,28,0,0
78,29,0,0
78,30,0,0
78,31,0,0
78,32,0,0
78,33,0,0
78,34,0,0
78,35,5.83786,-1.54
78,36,6.16409,-1.55205
78,37,1.35738,-1.88262
78,38,-0.145227,-4.73409
78,39,-4.26048,-2.4419
78,40,-0.675349,-4.13372
78,41,6.42278,-3.82306
78,42,0,0
78,43,0,0
78,44,0,0
78,45,0,0
78,46,0,0
78,47,0,0
78,48,0,0
78,49,0,0
78,50,0,0
78,51,0,0
78,52,0,0
78,53,0,0
78,54,0,0
78,55,0,0
78,56,0,0
78,57,0,0
78,58,0,0
78,59,0,0
78,60,0,0
78,61,0,0
78,62,0,0
78,63,0,0
78,64,0,0
78,65,0,0
79,20,0,0
79,21,0,0
79,22,0,0
79,23,0,0
79,24,0,0
79,25,0,0
79,26,0,0
79,27,0,0
79,28,0,0
79,29,0,0
79,30,0,0
79,31,4.37857,1.20429
79,32,4.48,-0.223684
79,33,5.33842,-3.34947
79,34,4.71645,-4.4771
79,35,5.88773,-2.54386
79,36,2.3314,-1.94721
79,37,3.33,-3.90395
79,38,-1.70326,-4.80209
79,39,-7.73262,-3.9881
79,40,-4.63558,-3.80767
79,41,3.39167,-2.03
79,42,1.885,-2.28625
79,43,0,0
79,44,0,0
79,45,0,0
79,46,0,0
79,47,0,0
79,48,0,0
79,49,0,0
79,50,0,0
79,51,0,0
79,52,0,0
79,53,0,0
79,54,0,0
79,55,0,0
79,56,0,0
79,57,0,0
79,58,0,0
79,59,0,0
79,60,0,0
79,61,0,0
79,62,0,0
79,63,0,0
79,64,0,0
79,65,0,0
80,20,0,0
80,21,0,0
80,22,0,0
80,23,0,0
80,24,0,0
80,25,0,0
80,26,0,0
80,27,0,0
80,28,0,0
80,29,0,0
80,30,0,0
80,31,4.40167,-0.0113889
80,32,5.13745,-0.187447
80,33,5.68841,-3.24273
80,34,4.75523,-4.27182
80,35,4.87545,-3.54455
80,36,0.5725,-1.51818
80,37,4.99721,-3.65581
80,38,-3.4375,-3.93
80,39,-8.51186,-4.73047
80,40,-5.95238,-5.10333
80,41,0.487805,-2.29805
80,42,3.05,-1.69538
80,43,1.102,-0.708
80,44,0.85,1.26
80,45,4.43429,1.07286
80,46,0,0
80,47,0,0
80,48,0,0
80,49,0,0
80,50,0,0
80,51,0,0
80,52,0,0
80,53,0,0
80,54,0,0
80,55,0,0
80,56,0,0
80,57,0,0
80,58,0,0
80,59,0,0
80,60,0,0
80,61,0,0
80,62,0,0
80,63,0,0
80,64,0,0
80,65,0,0
81,20,0,0
81,21,0,0
81,22,0,0
81,23,0,0
81,24,0,0
81,25,0,0
81,26,0,0
81,27,0,0
81,28,0,0
81,29,0,0
81,30,4.46667,0.64
81,31,5.75021,0.401064
81,32,7.07568,-1.18818
81,33,5.95851,-3.3566
81,34,3.99578,-3.09778
81,35,3.90822,-2.858
81,36,-0.394186,-1.46814
81,37,4.60698,-3.07047
81,38,-4.36372,-2.28256
81,39,-8.29093,-4.31326
81,40,-7.385,-4.03929
81,41,-2.59381,-3.35119
81,42,1.68,-1.16171
81,43,0.614474,-0.682368
81,44,0.457632,0.727105
81,45,1.26269,0.748846
81,46,0,0
81,47,0,0
81,48,0,0
81,49,0,0
81,50,0,0
81,51,0,0
81,52,0,0
81,53,0,0
81,54,0,0
81,55,0,0
81,56,0,0
81,57,0,0
81,58,0,0
81,59,0,0
81,60,0,0
81,61,0,0
81,62,0,0
81,63,0,0
81,64,0,0
81,65,0,0
82,20,0,0
82,21,0,0
82,22,0,0
82,23,0,0
82,24,0,0
82,25,0,0
82,26,0,0
82,27,0,0
82,28,0,0
82,29,0,0
82,30,6.834,1.432
82,31,6.81021,-0.343125
82,32,7.62936,-1.87936
82,33,4.85364,-3.37727
82,34,0.815227,-1.91636
82,35,-1.78489,-1.96889
82,36,0.289091,-1.39682
82,37,2.94886,0.394091
82,38,-5.02279,-0.0330233
82,39,-7.61659,-2.72073
82,40,-8.23953,-4.30512
82,41,-4.07975,-3.21
82,42,0.411905,-2.40214
82,43,0.15775,-0.46625
82,44,0.542857,0.931667
82,45,-0.782813,-0.164063
82,46,0.856667,-2.40667
82,47,0,0
82,48,0,0
82,49,0,0
82,50,0,0
82,51,0,0
82,52,0,0
82,53,0,0
82,54,0,0
82,55,0,0
82,56,0,0
82,57,0,0
82,58,0,0
82,59,0,0
82,60,0,0
82,61,0,0
82,62,0,0
82,63,0,0
82,64,0,0
82,65,0,0
83,20,0,0
83,21,0,0
83,22,0,0
83,23,0,0
83,24,0,0
83,25,0,0
83,26,0,0
83,27,0,0
83,28,0,0
83,29,6.52,3.04
83,30,6.73667,0.72359
83,31,7.21565,-1.69043
83,32,7.37778,-3.22156
83,33,3.02609,-3.31109
83,34,-0.198409,-2.74545
83,35,-2.05222,-2.02022
83,36,-1.16419,-1.31
83,37,1.67133,0.223556
83,38,-6.15098,0.454878
83,39,-7.23465,-0.404186
83,40,-8.3819,-3.9319
83,41,-4.3825,-3.13023
83,42,-0.42075,-2.4205
83,43,0.430238,0.0730952
83,44,1.24513,0.110513
83,45,0.771707,-1.67927
83,46,2.04054,-1.44054
83,47,-0.355294,-0.831176
83,48,0,0
83,49,0,0
83,50,0,0
83,51,0,0
83,52,0,0
83,53,0,0
83,54,0,0
83,55,0,0
83,56,0,0
83,57,0,0
83,58,0,0
83,59,0,0
83,60,0,0
83,61,0,0
83,62,0,0
83,63,0,0
83,64,0,0
83,65,0,0
84,20,0,0
84,21,0,0
84,22,0,0
84,23,0,0
84,24,0,0
84,25,0,0
84,26,0,0
84,27,0,0
84,28,0,0
84,29,7.90437,1.81438
84,30,6.62936,0.574681
84,31,6.55311,-2.00444
84,32,5.4466,-4.57064
84,33,1.87444,-4.01933
84,34,-0.994783,-2.66304
84,35,-2.79163,-2.22837
84,36,-1.02886,-2.41591
84,37,-0.23,-0.883256
84,38,-7.92341,0.182045
84,39,-7.82116,0.640698
84,40,-8.05581,-2.86093
84,41,-5.40825,-3.23075
84,42,0.295476,-2.03714
84,43,-0.1755,-0.45725
84,44,2.09927,0.528049
84,45,0.733,0.09925
84,46,3.007,-2.376
84,47,1.224,-0.38
84,48,0,0
84,49,0,0
84,50,0,0
84,51,0,0
84,52,0,0
84,53,0,0
84,54,0,0
84,55,0,0
84,56,0,0
84,57,0,0
84,58,0,0
84,59,0,0
84,60,0,0
84,61,0,0
84,62,0,0
84,63,0,0
84,64,0,0
84,65,0,0
85,20,0,0
85,21,0,0
85,22,0,0
85,23,0,0
85,24,0,0
85,25,0,0
85,26,0,0
85,27,0,0
85,28,0.795,2.82
85,29,6.18295,1.90773
85,30,7.64596,-0.657872
85,31,5.71152,-1.22348
85,32,5.68804,-2.77304
85,33,1.52822,-2.97933
85,34,-1.39933,-1.52511
85,35,-2.26545,-1.6875
85,36,-0.0357778,-2.60822
85,37,0.248605,-1.42651
85,38,-7.76905,-0.397381
85,39,-8.56884,0.531628
85,40,-7.46927,-1.85439
85,41,-6.13326,-4.05023
85,42,0.449756,-3.42634
85,43,3.47732,-2.05756
85,44,1.8195,-0.644
85,45,-0.48359,-0.601795
85,46,2.64,-2.00805
85,47,3.18091,-3.08455
85,48,0,0
85,49,0,0
85,50,0,0
85,51,0,0
85,52,0,0
85,53,0,0
85,54,0,0
85,55,0,0
85,56,0,0
85,57,0,0
85,58,0,0
85,59,0,0
85,60,0,0
85,61,0,0
85,62,0,0
85,63,0,0
85,64,0,0
85,65,0,0
86,20,0,0
86,21,0,0
86,22,0,0
86,23,0,0
86,24,0,0
86,25,0,0
86,26,0,0
86,27,0,0
86,28,4.90571,3.72952
86,29,8.39723,1.45085
86,30,6.22326,-0.903043
86,31,4.43562,0.043125
86,32,4.94477,-1.60386
86,33,0.386304,-2.66413
86,34,-1.68933,-2.242
86,35,-1.92244,-0.906
86,36,-0.124651,-2.00628
86,37,1.71159,-1.97705
86,38,-5.99619,-1.93833
86,39,-8.56628,-0.727209
86,40,-7.16,-0.779048
86,41,-5.51829,-4.62537
86,42,-0.370476,-3.54619
86,43,4.80073,-1.90195
86,44,-0.378049,-1.47073
86,45,-0.06175,-2.80775
86,46,0.11975,-0.665
86,47,2.27057,-1.45514
86,48,3.98788,-1.30061
86,49,0,0
86,50,0,0
86,51,0,0
86,52,0,0
86,53,0,0
86,54,0,0
86,55,0,0
86,56,0,0
86,57,0,0
86,58,0,0
86,59,0,0
86,60,0,0
86,61,0,0
86,62,0,0
86,63,0,0
86,64,0,0
86,65,0,0
87,20,0,0
87,21,0,0
87,22,0,0
87,23,0,0
87,24,0,0
87,25,0,0
87,26,0,0
87,27,0,0
87,28,5.00077,3.37577
87,29,7.48021,0.815532
87,30,5.72255,-1.4534
87,31,4.45489,-0.922766
87,32,2.80889,-1.41222
87,33,-0.276222,-1.96578
87,34,-2.18556,-2.40511
87,35,-2.14628,-1.24442
87,36,-0.418636,-1.75727
87,37,1.69955,-2.4525
87,38,-2.72659,-0.957727
87,39,-7.87366,-2.11073
87,40,-7.55884,-0.329535
87,41,-4.98881,-2.82048
87,42,-1.25829,-1.87683
87,43,3.5039,-1.57366
87,44,0.299,-1.96475
87,45,0.970976,-2.55439
87,46,-2.154,-1.8995
87,47,1.6485,-3.35325
87,48,2.36718,-2.35974
87,49,1.15474,-0.111053
87,50,0,0
87,51,0,0
87,52,0,0
87,53,0,0
87,54,0,0
87,55,0,0
87,56,0,0
87,57,0,0
87,58,0,0
87,59,0,0
87,60,0,0
87,61,0,0
87,62,0,0
87,63,0,0
87,64,0,0
87,65,0,0
88,20,0,0
88,21,0,0
88,22,0,0
88,23,0,0
88,24,0,0
88,25,0,0
88,26,0,0
88,27,0,0
88,28,5.51321,3.60214
88,29,6.51354,1.74833
88,30,4.38333,-0.2225
88,31,4.474,-0.397111
88,32,1.72957,0.0732609
88,33,0.0132609,-1.42391
88,34,-2.71689,-2.00378
88,35,-2.62651,-1.11349
88,36,-1.03227,-1.47068
88,37,2.04636,-2.46614
88,38,1.48488,-1.22581
88,39,-6.59907,-2.57814
88,40,-8.30857,-1.4419
88,41,-5.93585,-1.93854
88,42,-2.96025,-1.39325
88,43,2.32952,-4.85286
88,44,2.04366,-2.48732
88,45,2.01795,-2.15769
88,46,-0.40975,-3.382
88,47,1.86154,-2.69179
88,48,1.93395,-1.575
88,49,1.78909,-0.207273
88,50,0,0
88,51,0,0
88,52,0,0
88,53,0,0
88,54,0,0
88,55,0,0
88,56,0,0
88,57,0,0
88,58,0,0
88,59,0,0
88,60,0,0
88,61,0,0
88,62,0,0
88,63,0,0
88,64,0,0
88,65,0,0
89,20,0,0
89,21,0,0
89,22,0,0
89,23,0,0
89,24,0,0
89,25,0,0
89,26,0,0
89,27,5.49,2.77333
89,28,5.32485,3.67667
89,29,4.80333,1.21333
89,30,3.76745,1.18319
89,31,3.28106,0.992979
89,32,-0.224444,0.262222
89,33,-0.606222,0.354444
89,34,-1.53867,-0.667333
89,35,-3.28378,-0.690667
89,36,-1.17186,-0.619302
89,37,0.443488,-1.85372
89,38,1.9686,-2.24419
89,39,-3.38,-1.53884
89,40,-8.92881,-2.90738
89,41,-6.69048,-2.3069
89,42,-1.99643,-3.69286
89,43,2.40525,-2.8925
89,44,2.82125,-1.219
89,45,3.48707,-2.8322
89,46,1.37026,-3.81154
89,47,2.16225,-3.433
89,48,2.3364,-0.7832
89,49,0,0
89,50,0,0
89,51,0,0
89,52,0,0
89,53,0,0
89,54,0,0
89,55,0,0
89,56,0,0
89,57,0,0
89,58,0,0
89,59,0,0
89,60,0,0
89,61,0,0
89,62,0,0
89,63,0,0
89,64,0,0
89,65,0,0
90,20,0,0
90,21,0,0
90,22,0,0
90,23,0,0
90,24,0,0
90,25,0,0
90,26,0,0
90,27,0,0
90,28,5.62133,7.03533
90,29,6.7617,3.31574
90,30,4.87787,2.58064
90,31,1.95565,0.86087
90,32,-1.49717,0.893913
90,33,-1.29478,1.46522
90,34,-1.99778,0.400889
90,35,-2.68227,-0.309545
90,36,-0.7425,-0.123864
90,37,0.240909,-1.70136
90,38,0.257209,-2.09512
90,39,-1.44048,-1.57119
90,40,-8.54714,-3.9169
90,41,-7.8261,-2.89415
90,42,-3.22524,-1.46
90,43,0.63625,-1.35125
90,44,4.265,-0.7745
90,45,5.06512,-2.93902
90,46,3.24974,-3.67538
90,47,2.62675,-2.574
90,48,3.08833,-0.7925
90,49,0,0
90,50,0,0
90,51,0,0
90,52,0,0
90,53,0,0
90,54,0,0
90,55,0,0
90,56,0,0
90,57,0,0
90,58,0,0
90,59,0,0
90,60,0,0
90,61,0,0
90,62,0,0
90,63,0,0
90,64,0,0
90,65,0,0
91,20,0,0
91,21,0,0
91,22,0,0
91,23,0,0
91,24,0,0
91,25,0,0
91,26,0,0
91,27,0,0
91,28,3.40391,6.43348
91,29,3.22438,4.72604
91,30,2.14587,3.64239
91,31,0.993478,3.81
91,32,-1.14574,1.31532
91,33,-2.19289,0.936
91,34,-2.39205,0.332273
91,35,-2.07844,-0.208889
91,36,-0.137778,0.132222
91,37,0.500476,-0.0395238
91,38,-0.9525,-1.32909
91,39,-0.488372,-1.56465
91,40,-7.02122,-2.42585
91,41,-7.73286,-4.50667
91,42,-6.12167,-2.92786
91,43,0.5045,-4.61425
91,44,6.07595,-3.55857
91,45,6.56667,-2.17267
91,46,3.99875,-4.27375
91,47,4.4,-2.90455
91,48,0,0
91,49,0,0
91,50,0,0
91,51,0,0
91,52,0,0
91,53,0,0
91,54,0,0
91,55,0,0
91,56,0,0
91,57,0,0
91,58,0,0
91,59,0,0
91,60,0,0
91,61,0,0
91,62,0,0
91,63,0,0
91,64,0,0
91,65,0,0
92,20,0,0
92,21,0,0
92,22,0,0
92,23,0,0
92,24,0,0
92,25,0,0
92,26,0,0
92,27,6.58154,3.28308
92,28,6.34391,3.76891
92,29,3.18583,4.09979
92,30,2.06761,4.72478
92,31,2.10652,4.035
92,32,-0.852553,1.35128
92,33,-1.19705,0.559773
92,34,-1.86267,-0.344667
92,35,-1.762,-0.658
92,36,-0.676136,-0.755682
92,37,-1.79512,0.0967442
92,38,-1.40364,-1.9375
92,39,-0.504634,-2.42707
92,40,-6.91333,-1.79238
92,41,-7.0493,-4.56372
92,42,-2.83225,-6.574
92,43,0.516905,-9.92548
92,44,6.104,-4.5765
92,45,8.34636,-1.90409
92,46,0,0
92,47,0,0
92,48,0,0
92,49,0,0
92,50,0,0
92,51,0,0
92,52,0,0
92,53,0,0
92,54,0,0
92,55,0,0
92,56,0,0
92,57,0,0
92,58,0,0
92,59,0,0
92,60,0,0
92,61,0,0
92,62,0,0
92,63,0,0
92,64,0,0
92,65,0,0
93,20,0,0
93,21,0,0
93,22,0,0
93,23,0,0
93,24,0,0
93,25,0,0
93,26,0,0
93,27,2.63448,3.87034
93,28,1.33354,3.29729
93,29,0.0073913,4.94674
93,30,0.392917,5.76938
93,31,1.40125,6.5375
93,32,0.187727,1.71545
93,33,-0.657111,0.351333
93,34,-2.49522,-0.362826
93,35,-2.51465,-0.25093
93,36,-1.97523,-0.128636
93,37,-1.06273,-0.889091
93,38,-0.747805,-3.35634
93,39,-0.388571,-3.21929
93,40,-5.09044,-2.24
93,41,-4.21675,-5.324
93,42,2.20167,-4.76976
93,43,2.38425,-4.9045
93,44,6.30275,-2.44825
93,45,7.83043,-3.17696
93,46,0,0
93,47,0,0
93,48,0,0
93,49,0,0
93,50,0,0
93,51,0,0
93,52,0,0
93,53,0,0
93,54,0,0
93,55,0,0
93,56,0,0
93,57,0,0
93,58,0,0
93,59,0,0
93,60,0,0
93,61,0,0
93,62,0,0
93,63,0,0
93,64,0,0
93,65,0,0
94,20,0,0
94,21,0,0
94,22,0,0
94,23,0,0
94,24,0,0
94,25,0,0
94,26,0,0
94,27,2.50182,2.90545
94,28,-1.02234,2.34872
94,29,-0.450408,4.80184
94,30,-0.938261,5.9187
94,31,1.25578,7.81889
94,32,0.637292,3.85312
94,33,-1.14239,1.46261
94,34,-3.29279,-0.084186
94,35,-2.99511,-0.416667
94,36,-1.37556,-0.169333
94,37,0.0739535,-0.988605
94,38,-0.384651,-2.78279
94,39,0.234667,-2.30978
94,40,-3.90974,-2.15795
94,41,-2.43902,-4.55976
94,42,1.83119,-2.49095
94,43,3.37122,-2.51122
94,44,7.85048,-4.21119
94,45,8.50444,-2.55222
94,46,0,0
94,47,0,0
94,48,0,0
94,49,0,0
94,50,0,0
94,51,0,0
94,52,0,0
94,53,0,0
94,54,0,0
94,55,0,0
94,56,0,0
94,57,0,0
94,58,0,0
94,59,0,0
94,60,0,0
94,61,0,0
94,62,0,0
94,63,0,0
94,64,0,0
94,65,0,0
95,20,0,0
95,21,0,0
95,22,0,0
95,23,0,0
95,24,0,0
95,25,0,0
95,26,0,0
95,27,0,0
95,28,-2.533,1.852
95,29,-0.511224,3.62531
95,30,-1.25543,4.68804
95,31,2.52674,6.94609
95,32,1.72426,3.65638
95,33,-2.07273,2.19977
95,34,-3.15311,0.212
95,35,-1.96283,-0.601304
95,36,-0.437317,-1.05683
95,37,0.733023,-1.8693
95,38,1.974,-2.38267
95,39,1.3755,-1.26225
95,40,-2.13,-1.96233
95,41,-0.849773,-3.84864
95,42,-0.16075,-1.7995
95,43,2.08146,-3.58317
95,44,7.22,-5.72303
95,45,0,0
95,46,0,0
95,47,0,0
95,48,0,0
95,49,0,0
95,50,0,0
95,51,0,0
95,52,0,0
95,53,0,0
95,54,0,0
95,55,0,0
95,56,0,0
95,57,0,0
95,58,0,0
95,59,0,0
95,60,0,0
95,61,0,0
95,62,0,0
95,63,0,0
95,64,0,0
95,65,0,0
96,20,0,0
96,21,0,0
96,22,0,0
96,23,0,0
96,24,0,0
96,25,0,0
96,26,0,0
96,27,0,0
96,28,0.275333,3.05467
96,29,0.288636,3.43841
96,30,3.6534,4.7842
96,31,2.53152,3.62891
96,32,0.479302,2.00209
96,33,-2.31915,1.44191
96,34,-2.73644,0.316
96,35,-1.3686,-0.547674
96,36,0.348222,-0.919111
96,37,2.24295,-1.86023
96,38,3.94595,-2.01714
96,39,3.09068,-1.24477
96,40,-0.132381,-1.59857
96,41,0.318537,-3.22854
96,42,1.58405,-2.94905
96,43,3.12852,-5.54593
96,44,6.46,-3.83
96,45,0,0
96,46,0,0
96,47,0,0
96,48,0,0
96,49,0,0
96,50,0,0
96,51,0,0
96,52,0,0
96,53,0,0
96,54,0,0
96,55,0,0
96,56,0,0
96,57,0,0
96,58,0,0
96,59,0,0
96,60,0,0
96,61,0,0
96,62,0,0
96,63,0,0
96,64,0,0
96,65,0,0
97,20,0,0
97,21,0,0
97,22,0,0
97,23,0,0
97,24,0,0
97,25,0,0
97,26,0,0
97,27,0,0
97,28,3.0792,1.3888
97,29,1.99824,3.07392
97,30,3.31,3.21929
97,31,2.8378,2.9988
97,32,0.425217,1.78152
97,33,-2.60364,1.09795
97,34,-2.79222,0.0982222
97,35,-1.48326,-0.482391
97,36,0.647073,-0.848293
97,37,2.21156,-0.175556
97,38,3.3881,-1.49214
97,39,3.63571,-0.871905
97,40,-0.161905,-1.14905
97,41,0.00119048,-2.36476
97,42,3.005,-4.15
97,43,6.31091,-3.79
97,44,0,0
97,45,0,0
97,46,0,0
97,47,0,0
97,48,0,0
97,49,0,0
97,50,0,0
97,51,0,0
97,52,0,0
97,53,0,0
97,54,0,0
97,55,0,0
97,56,0,0
97,57,0,0
97,58,0,0
97,59,0,0
97,60,0,0
97,61,0,0
97,62,0,0
97,63,0,0
97,64,0,0
97,65,0,0
98,20,0,0
98,21,0,0
98,22,0,0
98,23,0,0
98,24,2.336,2.015
98,25,4.23735,1.85206
98,26,5.53,-0.95
98,27,0,0
98,28,4.2725,3.8075
98,29,5.0325,2.43318
98,30,3.77132,2.45792
98,31,2.83619,1.06857
98,32,-0.0369565,1.05717
98,33,-2.51702,0.980851
98,34,-2.35977,0.105814
98,35,-1.03302,-1.27884
98,36,1.02745,-1.00489
98,37,1.91214,0.731429
98,38,2.93651,-0.864884
98,39,2.77295,-0.911818
98,40,-0.2825,-1.55175
98,41,-0.753409,-3.22023
98,42,4.41975,-5.03025
98,43,8.15,-3.34286
98,44,0,0
98,45,0,0
98,46,0,0
98,47,0,0
98,48,0,0
98,49,0,0
98,50,0,0
98,51,0,0
98,52,0,0
98,53,0,0
98,54,0,0
98,55,0,0
98,56,0,0
98,57,0,0
98,58,0,0
98,59,0,0
98,60,0,0
98,61,0,0
98,62,0,0
98,63,0,0
98,64,0,0
98,65,0,0
99,20,0,0
99,21,0,0
99,22,2,0.216
99,23,2.31214,1.88286
99,24,3.25195,2.54488
99,25,4.09962,2.94096
99,26,4.9278,0.634146
99,27,5.62714,-0.331429
99,28,5.60783,2.38935
99,29,2.90583,3.41104
99,30,1.94045,3.29614
99,31,1.17417,1.0125
99,32,-0.924255,-0.204468
99,33,-2.53952,0.517381
99,34,-2.1114,0.5694
99,35,-0.880714,-0.595476
99,36,2.13024,-1.43905
99,37,0.703696,0.0802174
99,38,2.21405,0.40881
99,39,1.20225,-0.05375
99,40,-0.997826,-1.60783
99,41,0.216579,-3.27605
99,42,5.92178,-4.49067
99,43,8.97333,-3.32667
99,44,0,0
99,45,0,0
99,46,0,0
99,47,0,0
99,48,0,0
99,49,0,0
99,50,0,0
99,51,0,0
99,52,0,0
99,53,0,0
99,54,0,0
99,55,0,0
99,56,0,0
99,57,0,0
99,58,0,0
99,59,0,0
99,60,0,0
99,61,0,0
99,62,0,0
99,63,0,0
99,64,0,0
99,65,0,0
100,20,0,0
100,21,0,0
100,22,3.38553,-0.599474
100,23,4.69396,0.130417
100,24,5.44471,1.54451
100,25,4.88755,2.5898
100,26,6.11769,2.03115
100,27,6.37778,-1.44689
100,28,5.83429,-0.231837
100,29,3.52059,2.3898
100,30,2.78833,2.05
100,31,0.769792,1.99042
100,32,-1.60917,-0.763125
100,33,-1.67048,-0.153333
100,34,-2.39205,0.0595455
100,35,-1.185,-0.0485417
100,36,-1.25667,-0.473095
100,37,-1.03951,0.396829
100,38,-0.317021,0.814043
100,39,0.698293,-0.206829
100,40,-2.19762,-2.17405
100,41,1.50395,-4.56279
100,42,6.18051,-3.90974
100,43,7.52667,-5.115
100,44,0,0
100,45,0,0
100,46,0,0
100,47,0,0
100,48,0,0
100,49,0,0
100,50,0,0
100,51,0,0
100,52,0,0
100,53,0,0
100,54,0,0
100,55,0,0
100,56,0,0
100,57,0,0
100,58,0,0
100,59,0,0
100,60,0,0
100,61,0,0
100,62,0,0
100,63,0,0
100,64,0,0
100,65,0,0
101,20,0,0
101,21,1.162,1.034
101,22,1.97,0.676531
101,23,2.9262,0.3504
101,24,3.8814,1.5336
101,25,7.52551,1.91184
101,26,5.92816,3.53918
101,27,2.932,3.00782
101,28,1.00262,1.44167
101,29,-0.9,2.87488
101,30,0.302679,3.26607
101,31,-1.28674,3.89465
101,32,-1.59953,0.69907
101,33,-2.27417,-0.564583
101,34,-2.77455,-0.238182
101,35,-1.11159,0.496364
101,36,-2.32957,-0.00565217
101,37,-1.81564,0.552051
101,38,-0.636304,1.7463
101,39,0.895682,0.110682
101,40,-0.7625,-2.719
101,41,2.22775,-3.8155
101,42,6.05805,-3.54561
101,43,7.9425,-4.50125
101,44,0,0
101,45,0,0
101,46,0,0
101,47,0,0
101,48,0,0
101,49,0,0
101,50,0,0
101,51,0,0
101,52,0,0
101,53,0,0
101,54,0,0
101,55,0,0
101,56,0,0
101,57,0,0
101,58,0,0
101,59,0,0
101,60,0,0
101,61,0,0
101,62,0,0
101,63,0,0
101,64,0,0
101,65,0,0
102,20,0,0
102,21,2.81,1.1
102,22,3.17143,0.831429
102,23,2.83259,0.382778
102,24,3.85571,1.94122
102,25,5.6666,3.62981
102,26,3.84048,4.47357
102,27,1.0383,3.42319
102,28,-0.861273,1.978
102,29,-1.19333,0.722917
102,30,-2.55867,2.26689
102,31,-1.856,4.41067
102,32,-1.33333,3.68619
102,33,-2.66442,0.39
102,34,-3.07727,-0.114773
102,35,-1.72071,0.282619
102,36,-2.6825,0.089375
102,37,-1.47929,-0.136667
102,38,-0.0931429,1.48514
102,39,1.37604,-0.661875
102,40,0.339048,-2.81262
102,41,3.07063,-3.04583
102,42,7.00621,-3.43345
102,43,0,0
102,44,0,0
102,45,0,0
102,46,0,0
102,47,0,0
102,48,0,0
102,49,0,0
102,50,0,0
102,51,0,0
102,52,0,0
102,53,0,0
102,54,0,0
102,55,0,0
102,56,0,0
102,57,0,0
102,58,0,0
102,59,0,0
102,60,0,0
102,61,0,0
102,62,0,0
102,63,0,0
102,64,0,0
102,65,0,0
103,20,0,0
103,21,0,0
103,22,0,0
103,23,3.49413,1.74891
103,24,6.32143,2.19633
103,25,6.81308,2.26135
103,26,5.09302,2.71604
103,27,1.88889,2.03244
103,28,-1.65229,1.05875
103,29,-1.68024,0.660476
103,30,-0.457619,-0.138333
103,31,-1.32604,1.53434
103,32,-2.58327,3.35102
103,33,-2.05488,3.48558
103,34,-3.3725,0.734792
103,35,-2.0931,0.385
103,36,-1.36364,0.339545
103,37,0.534783,-0.893261
103,38,0.828333,0.0357143
103,39,0.94475,-1.16525
103,40,2.03306,-2.19528
103,41,4.88143,-2.53762
103,42,7.74769,-2.61038
103,43,0,0
103,44,0,0
103,45,0,0
103,46,0,0
103,47,0,0
103,48,0,0
103,49,0,0
103,50,0,0
103,51,0,0
103,52,0,0
103,53,0,0
103,54,0,0
103,55,0,0
103,56,0,0
103,57,0,0
103,58,0,0
103,59,0,0
103,60,0,0
103,61,0,0
103,62,0,0
103,63,0,0
103,64,0,0
103,65,0,0
104,20,0,0
104,21,0,0
104,22,0,0
104,23,4.91714,1.60762
104,24,6.70551,3.16673
104,25,6.45571,2.36388
104,26,5.07536,2.89982
104,27,0.340612,0.676122
104,28,-0.510714,-0.279107
104,29,1.05245,0.233469
104,30,1.42531,0.649592
104,31,-0.00960784,-0.76
104,32,-1.12071,-0.0421429
104,33,-2.00929,1.4769
104,34,-1.92583,1.03417
104,35,-1.08238,0.853095
104,36,-0.104524,0.965714
104,37,0.854167,1.06125
104,38,0.247381,1.0769
104,39,1.64958,-1.15271
104,40,3.61659,-2.4
104,41,6.15543,-1.84343
104,42,8.59867,-1.942
104,43,0,0
104,44,0,0
104,45,0,0
104,46,0,0
104,47,0,0
104,48,0,0
104,49,0,0
104,50,0,0
104,51,0,0
104,52,0,0
104,53,0,0
104,54,0,0
104,55,0,0
104,56,0,0
104,57,0,0
104,58,0,0
104,59,0,0
104,60,0,0
104,61,0,0
104,62,0,0
104,63,0,0
104,64,0,0
104,65,0,0
105,20,0,0
105,21,0,0
105,22,0,0
105,23,3.73579,4.71632
105,24,5.1969,4.87476
105,25,3.6131,4.34214
105,26,1.41583,3.06646
105,27,0.259524,1.46024
105,28,-0.537708,-0.104375
105,29,0.934762,0.0795238
105,30,2.4469,0.44381
105,31,0.4025,-1.17583
105,32,-1.5269,-3.40024
105,33,-1.27976,-3.03738
105,34,-0.621042,-1.795
105,35,0.152143,0.319762
105,36,-0.0430952,1.3981
105,37,0.399583,1.63271
105,38,0.855476,0.0588095
105,39,2.34354,-0.928125
105,40,4.38595,-2.40262
105,41,6.84524,-2.02619
105,42,8.54818,-0.480909
105,43,0,0
105,44,0,0
105,45,0,0
105,46,0,0
105,47,0,0
105,48,0,0
105,49,0,0
105,50,0,0
105,51,0,0
105,52,0,0
105,53,0,0
105,54,0,0
105,55,0,0
105,56,0,0
105,57,0,0
105,58,0,0
105,59,0,0
105,60,0,0
105,61,0,0
105,62,0,0
105,63,0,0
105,64,0,0
105,65,0,0
106,20,0,0
106,21,0,0
106,22,0,0
106,23,3.39333,6.32133
106,24,1.8702,5.05592
106,25,1.43265,6.11
106,26,0.286786,6.16125
106,27,1.44408,4.06837
106,28,-0.377679,-0.156607
106,29,0.642449,0.589592
106,30,1.68255,1.20149
106,31,0.86125,-0.359375
106,32,-1.57476,-1.59738
106,33,-0.475238,-3.38405
106,34,-0.129167,-3.54187
106,35,0.317381,-1.13095
106,36,0.0280952,0.745952
106,37,0.315208,0.660208
106,38,2.31143,-0.712619
106,39,3.06792,-0.736458
106,40,4.84432,-1.30027
106,41,7.26314,-2.53057
106,42,9.30952,1.14524
106,43,0,0
106,44,0,0
106,45,0,0
106,46,0,0
106,47,0,0
106,48,0,0
106,49,0,0
106,50,0,0
106,51,0,0
106,52,0,0
106,53,0,0
106,54,0,0
106,55,0,0
106,56,0,0
106,57,0,0
106,58,0,0
106,59,0,0
106,60,0,0
106,61,0,0
106,62,0,0
106,63,0,0
106,64,0,0
106,65,0,0
107,20,0,0
107,21,0,0
107,22,1.41077,6.30731
107,23,2.14122,6.4951
107,24,0.384286,6.17735
107,25,0.930192,7.00558
107,26,1.18057,6.91226
107,27,2.85405,6.4631
107,28,0.86,2.35521
107,29,0.15619,0.812857
107,30,0.420909,1.58955
107,31,0.03,1.34071
107,32,-1.62687,-0.655
107,33,-0.642619,-1.20095
107,34,-0.517292,-2.81583
107,35,0.0180952,-2.27095
107,36,0.451591,0.205227
107,37,1.52609,-1.27326
107,38,2.69667,-0.284872
107,39,3.134,-1.36325
107,40,5.62475,-0.80775
107,41,8.89024,-2.6481
107,42,10.4722,0.3755
107,43,0,0
107,44,0,0
107,45,0,0
107,46,0,0
107,47,0,0
107,48,0,0
107,49,0,0
107,50,0,0
107,51,0,0
107,52,0,0
107,53,0,0
107,54,0,0
107,55,0,0
107,56,0,0
107,57,0,0
107,58,0,0
107,59,0,0
107,60,0,0
107,61,0,0
107,62,0,0
107,63,0,0
107,64,0,0
107,65,0,0
108,20,0,0
108,21,0,0
108,22,0.857333,6.27267
108,23,0.534643,5.84143
108,24,1.00939,7.59571
108,25,1.15039,7.12196
108,26,1.72429,7.79024
108,27,2.8708,7.1214
108,28,2.36927,4.64945
108,29,1.22848,1.22913
108,30,0.195333,0.152444
108,31,-0.468889,0.265556
108,32,-1.29721,-1.28256
108,33,-0.798627,-0.952157
108,34,1.53818,-1.75455
108,35,0.341429,-2.8431
108,36,-0.176458,-0.533333
108,37,1.47854,-2.24951
108,38,3.01132,-1.18026
108,39,4.01208,-2.02
108,40,6.33095,-1.93476
108,41,8.01489,-1.8166
108,42,10.0259,-0.2375
108,43,0,0
108,44,0,0
108,45,0,0
108,46,0,0
108,47,0,0
108,48,0,0
108,49,0,0
108,50,0,0
108,51,0,0
108,52,0,0
108,53,0,0
108,54,0,0
108,55,0,0
108,56,0,0
108,57,0,0
108,58,0,0
108,59,0,0
108,60,0,0
108,61,0,0
108,62,0,0
108,63,0,0
108,64,0,0
108,65,0,0
109,18,-3.09143,3.27286
109,19,-1.34725,3.77725
109,20,-0.79375,0.81875
109,21,0,0
109,22,0.659792,4.86125
109,23,0.4916,5.9132
109,24,0.635625,7.0475
109,25,1.1298,7.29784
109,26,1.55041,8.33367
109,27,3.06907,8.46463
109,28,3.53286,5.88238
109,29,2.45,3.33533
109,30,0.624364,0.803273
109,31,-0.512143,-0.39619
109,32,-1.50279,-1.19698
109,33,-0.139,-1.1692
109,34,2.35163,-0.809302
109,35,0.489318,-2.87909
109,36,0.830217,-1.6937
109,37,1.54316,-2.30711
109,38,2.62304,-1.49348
109,39,4.04364,-2.59045
109,40,6.92974,-2.85949
109,41,7.52585,-1.65098
109,42,8.77548,0.400476
109,43,0,0
109,44,0,0
109,45,0,0
109,46,0,0
109,47,0,0
109,48,0,0
109,49,0,0
109,50,0,0
109,51,0,0
109,52,0,0
109,53,0,0
109,54,0,0
109,55,0,0
109,56,0,0
109,57,0,0
109,58,0,0
109,59,0,0
109,60,0,0
109,61,0,0
109,62,0,0
109,63,0,0
109,64,0,0
109,65,0,0
110,18,-1.72,1.91167
110,19,-1.54184,4.17735
110,20,-2.31528,3.99333
110,21,-2.14516,4.90935
110,22,-1.5566,5.12868
110,23,-0.345306,5.83061
110,24,0.384038,6.33577
110,25,1.41449,6.96265
110,26,2.4962,8.475
110,27,3.70978,8.65913
110,28,3.48633,7.93204
110,29,2.8602,5.4438
110,30,1.89442,2.07
110,31,-0.0141667,-0.0766667
110,32,-0.179375,-0.679375
110,33,-0.04,-1.22048
110,34,1.39568,-1.69182
110,35,0.8725,-1.95042
110,36,0.949762,-2.8219
110,37,1.14262,-2.64214
110,38,2.67957,-1.9017
110,39,3.81225,-2.165
110,40,6.80093,-2.61279
110,41,6.57953,-1.25349
110,42,7.66158,0.558158
110,43,7.065,0.591667
110,44,0,0
110,45,0,0
110,46,0,0
110,47,0,0
110,48,0,0
110,49,0,0
110,50,0,0
110,51,0,0
110,52,0,0
110,53,0,0
110,54,0,0
110,55,0,0
110,56,0,0
110,57,0,0
110,58,0,0
110,59,0,0
110,60,0,0
110,61,0,0
110,62,0,0
110,63,0,0
110,64,0,0
110,65,0,0
111,19,-2.16,4.608
111,20,-2.45727,4.87364
111,21,-2.045,5.8
111,22,-1.32082,5.27959
111,23,0.0625,5.65154
111,24,0.096,5.5592
111,25,1.35627,7.14392
111,26,4.43633,8.54796
111,27,4.36388,7.44204
111,28,5.18085,7.64915
111,29,5.27898,6.09429
111,30,4.05512,3.34651
111,31,-0.192041,-0.657755
111,32,0.787391,-0.895435
111,33,0.374524,-0.399524
111,34,1.0566,-1.6232
111,35,1.26786,-1.465
111,36,0.786585,-2.64293
111,37,1.27064,-3.28979
111,38,1.57976,-1.07119
111,39,3.2305,-0.40375
111,40,5.44761,-0.838478
111,41,5.82243,-0.961081
111,42,6.625,0.785435
111,43,4.516,-0.292667
111,44,0,0
111,45,0,0
111,46,0,0
111,47,0,0
111,48,0,0
111,49,0,0
111,50,0,0
111,51,0,0
111,52,0,0
111,53,0,0
111,54,0,0
111,55,0,0
111,56,0,0
111,57,0,0
111,58,0,0
111,59,0,0
111,60,0,0
111,61,0,0
111,62,0,0
111,63,0,0
111,64,0,0
111,65,0,0
112,20,0,0
112,21,0,0
112,22,-0.26,5.11143
112,23,-0.316939,4.80776
112,24,-0.00169811,4.73226
112,25,1.69375,7.45625
112,26,3.3834,7.7076
112,27,3.65479,8.08667
112,28,4.0342,8.3414
112,29,4.05163,6.73488
112,30,3.21642,6.65472
112,31,0.395,3.14167
112,32,0.0391304,0.562609
112,33,0.046383,-0.121277
112,34,1.49364,-0.284773
112,35,1.26977,-0.899535
112,36,1.42638,-0.90383
112,37,1.1269,-2.48119
112,38,3.89071,-2.49238
112,39,5.36222,-0.369333
112,40,5.92205,1.48385
112,41,4.57978,0.997556
112,42,6.28692,1.08667
112,43,4.66707,0.244146
112,44,2.19194,-0.139677
112,45,1.1985,0.7355
112,46,0,0
112,47,0,0
112,48,0,0
112,49,0,0
112,50,0,0
112,51,0,0
112,52,0,0
112,53,0,0
112,54,0,0
112,55,0,0
112,56,0,0
112,57,0,0
112,58,0,0
112,59,0,0
112,60,0,0
112,61,0,0
112,62,0,0
112,63,0,0
112,64,0,0
112,65,0,0
113,20,0,0
113,21,0,0
113,22,-0.269286,5.18857
113,23,-0.182308,4.33827
113,24,0.244694,4.55531
113,25,1.1746,6.4072
113,26,1.76306,7.77735
113,27,2.98673,8.26245
113,28,3.44261,8.66652
113,29,3.4249,8.32549
113,30,3.68209,7.96488
113,31,2.39245,6.16898
113,32,0.284255,2.95489
113,33,0.112093,0.774419
113,34,0.681333,0.193333
113,35,0.340435,0.444348
113,36,0.571463,0.884146
113,37,1.24622,-1.38844
113,38,2.71977,-0.751395
113,39,4.19476,-1.32976
113,40,5.33,0.610476
113,41,5.46262,1.51952
113,42,5.11341,1.17878
113,43,4.74049,0.887561
113,44,1.25119,-0.382619
113,45,-0.312857,1.265
113,46,0,0
113,47,0,0
113,48,0,0
113,49,0,0
113,50,0,0
113,51,0,0
113,52,0,0
113,53,0,0
113,54,0,0
113,55,0,0
113,56,0,0
113,57,0,0
113,58,0,0
113,59,0,0
113,60,0,0
113,61,0,0
113,62,0,0
113,63,0,0
113,64,0,0
113,65,0,0
114,20,0,0
114,21,0,0
114,22,0.0433333,4.79
114,23,0.136957,4.28326
114,24,1.09353,4.55373
114,25,2.20706,5.62039
114,26,3.175,7.3
114,27,4.1802,6.53143
114,28,4.48857,7.6251
114,29,4.51867,8.59756
114,30,4.64429,7.69306
114,31,3.2087,6.57283
114,32,1.80372,5.34884
114,33,0.861667,2.03521
114,34,0.385333,0.936667
114,35,0.0211628,0.861395
114,36,1.17889,0.860889
114,37,1.47568,-0.095
114,38,2.58707,-0.590976
114,39,3.93581,-1.4493
114,40,5.06837,0.92814
114,41,4.5055,1.48325
114,42,4.56119,1.30762
114,43,4.46561,1.54829
114,44,0.2225,0.063
114,45,-2.38526,0.589474
114,46,0,0
114,47,0,0
114,48,0,0
114,49,0,0
114,50,0,0
114,51,0,0
114,52,0,0
114,53,0,0
114,54,0,0
114,55,0,0
114,56,0,0
114,57,0,0
114,58,0,0
114,59,0,0
114,60,0,0
114,61,0,0
114,62,0,0
114,63,0,0
114,64,0,0
114,65,0,0
115,20,0,0
115,21,0,0
115,22,0,0
115,23,0.616905,4.025
115,24,1.47104,4.28042
115,25,1.33959,5.32776
115,26,1.84882,6.86412
115,27,1.95563,7.09167
115,28,3.27255,6.81362
115,29,4.69312,7.42583
115,30,4.19457,6.31348
115,31,2.63426,6.33702
115,32,3.55106,6.93234
115,33,1.83409,3.77364
115,34,-0.692444,1.29956
115,35,-1.18087,2.0437
115,36,-0.278571,2.82381
115,37,0.381628,2.91977
115,38,1.11957,0.775652
115,39,1.09625,0.00025
115,40,3.32214,1.0781
115,41,2.32409,1.46341
115,42,4.02275,2.242
115,43,4.058,2.22025
115,44,-0.67,0.346667
115,45,-2.17595,0.355676
115,46,0,0
115,47,0,0
115,48,0,0
115,49,0,0
115,50,0,0
115,51,0,0
115,52,0,0
115,53,0,0
115,54,0,0
115,55,0,0
115,56,0,0
115,57,0,0
115,58,0,0
115,59,0,0
115,60,0,0
115,61,0,0
115,62,0,0
115,63,0,0
115,64,0,0
115,65,0,0
116,20,0,0
116,21,0,0
116,22,0,0
116,23,0.837,3.466
116,24,0.544815,3.54481
116,25,0.605319,4.66638
116,26,1.3492,5.826
116,27,2.10312,6.965
116,28,2.91375,7.32979
116,29,3.5478,7.7964
116,30,3.25894,6.31723
116,31,4.51318,6.925
116,32,4.26298,5.24383
116,33,2.26267,4.882
116,34,-1.0407,1.61488
116,35,-1.94822,3.21222
116,36,-1.60178,3.94089
116,37,-0.22,4.445
116,38,0.396667,3.91167
116,39,-0.674565,1.40457
116,40,-0.483333,0.485641
116,41,0.82,1.82262
116,42,3.53095,3.41786
116,43,3.28927,2.63707
116,44,-0.872791,1.00442
116,45,-1.9625,-0.368611
116,46,-1.248,-0.807
116,47,0,0
116,48,-0.237391,-3.53783
116,49,0.883571,-4.48786
116,50,0,0
116,51,0,0
116,52,0,0
116,53,0,0
116,54,0,0
116,55,0,0
116,56,0,0
116,57,0,0
116,58,0,0
116,59,0,0
116,60,0,0
116,61,0,0
116,62,0,0
116,63,0,0
116,64,0,0
116,65,0,0
117,20,0,0
117,21,0,0
117,22,0,0
117,23,0.0342857,3.45
117,24,0.71907,3.28
117,25,1.08327,3.54615
117,26,1.90204,4.84122
117,27,1.79837,5.23265
117,28,1.655,6.99667
117,29,2.68333,7.28444
117,30,2.81833,8.10583
117,31,3.97875,7.34417
117,32,2.07977,4.92932
117,33,0.311957,5.29478
117,34,-2.24022,4.16935
117,35,-2.97857,3.95
117,36,-2.89159,4.35773
117,37,-0.324318,5.07045
117,38,0.0680952,4.88762
117,39,-1.04854,3.84366
117,40,-2.92761,1.33522
117,41,-0.33825,2.24475
117,42,2.09756,2.98366
117,43,2.10634,3.04341
117,44,-0.782051,1.49385
117,45,-2.58214,-0.333095
117,46,-1.50636,-1.31212
117,47,0,0
117,48,0.828519,-3.90667
117,49,1.48105,-3.23868
117,50,2.03125,-4.265
117,51,0,0
117,52,0,0
117,53,0,0
117,54,0,0
117,55,0,0
117,56,0,0
117,57,0,0
117,58,0,0
117,59,0,0
117,60,0,0
117,61,0,0
117,62,0,0
117,63,0,0
117,64,0,0
117,65,0,0
118,20,0,0
118,21,0,0
118,22,0,0
118,23,0,0
118,24,0.991333,3.58267
118,25,1.15271,3.30208
118,26,1.81653,4.14776
118,27,1.08688,3.42208
118,28,1.72583,4.79479
118,29,3.07625,5.44542
118,30,3.78391,7.47674
118,31,4.31872,7.2883
118,32,2.26625,6.11083
118,33,-0.598837,4.38605
118,34,-2.758,3.826
118,35,-3.17844,3.512
118,36,-2.6186,4.59326
118,37,-0.644091,5.38295
118,38,-0.921935,5.34129
118,39,-1.48556,5.28444
118,40,-2.61073,2.02049
118,41,-0.521429,2.80714
118,42,2.71725,3.22025
118,43,3.21786,1.2
118,44,-0.620488,-0.192683
118,45,-1.61825,-0.6305
118,46,-0.62075,-2.36025
118,47,0.775,-2.89667
118,48,1.50158,-3.53316
118,49,1.94487,-3.09385
118,50,1.79,-3.18333
118,51,0,0
118,52,0,0
118,53,0,0
118,54,0,0
118,55,0,0
118,56,0,0
118,57,0,0
118,58,0,0
118,59,0,0
118,60,0,0
118,61,0,0
118,62,0,0
118,63,0,0
118,64,0,0
118,65,0,0
119,20,0,0
119,21,0,0
119,22,0,0
119,23,0,0
119,24,0,0
119,25,2.1045,4.0225
119,26,1.9783,3.88064
119,27,1.8951,3.33327
119,28,2.57437,4.96604
119,29,3.77667,5.44771
119,30,3.89978,6.22891
119,31,3.30978,6.135
119,32,1.36152,5.34326
119,33,-0.882444,3.94289
119,34,-2.71795,3.40068
119,35,-3.38846,3.18667
119,36,-2.51244,4.91644
119,37,-3.02912,6.22618
119,38,-2.56444,6.74444
119,39,-1.295,5.759
119,40,-2.33615,2.67205
119,41,1.07279,2.77349
119,42,2.42429,3.22
119,43,1.42359,0.408974
119,44,-0.909524,-1.73429
119,45,-0.320263,-2.04263
119,46,0.620952,-3.27167
119,47,1.38857,-2.85
119,48,1.74406,-2.2675
119,49,2.12135,-2.92459
119,50,2.41958,-2.94458
119,51,2.68,-3.47
119,52,0,0
119,53,0,0
119,54,0,0
119,55,0,0
119,56,0,0
119,57,0,0
119,58,0,0
119,59,0,0
119,60,0,0
119,61,0,0
119,62,0,0
119,63,0,0
119,64,0,0
119,65,0,0
120,20,0,0
120,21,0,0
120,22,0,0
120,23,0.37,3.37563
120,24,1.27857,2.34571
120,25,2.955,6.125
120,26,2.04222,5.83889
120,27,1.09788,4.26576
120,28,1.89042,3.74542
120,29,1.89354,4.66312
120,30,2.74255,5.38043
120,31,0.457826,5.14174
120,32,0.0652174,5.40609
120,33,-0.79587,3.78174
120,34,-2.75615,3.12513
120,35,-2.65,4
120,36,-3.459,4.58433
120,37,-3.71972,5.85444
120,38,-2.04,8.38
120,39,0,0
120,40,-0.312353,3.44706
120,41,0.643171,3.80317
120,42,2.775,4.27238
120,43,1.662,1.447
120,44,0.07875,-3.05025
120,45,1.26524,-4.39929
120,46,2.46436,-4.60256
120,47,3.4125,-3.11437
120,48,2.41211,-1.47342
120,49,2.93462,-2.15667
120,50,3.55974,-2.78256
120,51,3.24438,-2.86781
120,52,2.93333,-2.20667
120,53,2.4525,-3.2925
120,54,0,0
120,55,0,0
120,56,0,0
120,57,0,0
120,58,0,0
120,59,0,0
120,60,0,0
120,61,0,0
120,62,0,0
120,63,0,0
120,64,0,0
120,65,0,0
121,20,0,0
121,21,0,0
121,22,-4.41833,0.61
121,23,-0.803415,1.79951
121,24,0.633061,1.84082
121,25,1.58667,1.18889
121,26,0,0
121,27,1.09,7.25
121,28,0.755,5.55808
121,29,1.82348,4.92826
121,30,1.34795,4.37026
121,31,-0.702308,4.85641
121,32,-0.331795,5.46513
121,33,-0.79125,4.59063
121,34,-4.28,3.51
121,35,0,0
121,36,-3.63333,4.63667
121,37,-2.46289,5.71395
121,38,-1.222,7.991
121,39,-3.62,7.486
121,40,-2.205,7.22
121,41,0.109355,5.92097
121,42,1.7081,6.03476
121,43,2.83024,2.39244
121,44,1.33825,-3.144
121,45,2.6135,-5.08675
121,46,3.07949,-5.11308
121,47,3.49675,-4.0045
121,48,3.88846,-2.62308
121,49,3.80615,-1.27179
121,50,3.92737,-1.86474
121,51,3.87838,-2.18784
121,52,3.72294,-1.95
121,53,3.59214,-2.42964
121,54,0,0
121,55,0,0
121,56,0,0
121,57,0,0
121,58,0,0
121,59,0,0
121,60,0,0
121,61,0,0
121,62,0,0
121,63,0,0
121,64,0,0
121,65,0,0
122,20,0,0
122,21,0,0
122,22,0,0
122,23,0,0
122,24,0.14,3.68429
122,25,-0.73,1.63214
122,26,0,0
122,27,0,0
122,28,2.765,8.865
122,29,0.61,6.844
122,30,0.445294,6.60882
122,31,-0.54625,5.2275
122,32,-0.504286,5.13429
122,33,0,0
122,34,0,0
122,35,0,0
122,36,0,0
122,37,-1.68043,6.34174
122,38,0,0
122,39,-2.72833,4.85583
122,40,-3.5337,5.61444
122,41,1.59613,6.82355
122,42,2.83195,7.54122
122,43,2.9819,4.64476
122,44,2.89122,0.146341
122,45,2.1055,-2.119
122,46,1.9145,-4.75375
122,47,2.1145,-4.81675
122,48,3.61923,-3.68051
122,49,4.77769,-1.88615
122,50,4.38184,-0.993947
122,51,4.61564,-1.29077
122,52,4.62622,-0.651892
122,53,5.28647,-1.07471
122,54,0,0
122,55,0,0
122,56,0,0
122,57,0,0
122,58,0,0
122,59,0,0
122,60,0,0
122,61,0,0
122,62,0,0
122,63,0,0
122,64,0,0
122,65,0,0
123,20,0,0
123,21,0,0
123,22,0,0
123,23,0,0
123,24,0,0
123,25,0,0
123,26,0,0
123,27,0,0
123,28,0,0
123,29,0,0
123,30,0,0
123,31,0,0
123,32,0,0
123,33,0,0
123,34,0,0
123,35,0,0
123,36,0,0
123,37,-1.655,6.6
123,38,0,0
123,39,-2.99,7.36
123,40,-2.10389,4.31694
123,41,0.0430952,7.3
123,42,2.365,7.706
123,43,2.92146,7.21146
123,44,2.025,3.656
123,45,1.86275,1.08
123,46,0.13675,-1.29525
123,47,-0.0346154,-2.96923
123,48,1.9941,-3.39333
123,49,3.80615,-2.06923
123,50,4.21632,-1.20342
123,51,4.95205,-0.774615
123,52,5.53297,0.227568
123,53,5.67763,0.674737
123,54,5.15,0.63
123,55,0,0
123,56,0,0
123,57,0,0
123,58,0,0
123,59,0,0
123,60,0,0
123,61,0,0
123,62,0,0
123,63,0,0
123,64,0,0
123,65,0,0
124,20,0,0
124,21,0,0
124,22,0,0
124,23,0,0
124,24,0,0
124,25,0,0
124,26,0,0
124,27,0,0
124,28,0,0
124,29,0,0
124,30,0,0
124,31,0,0
124,32,0,0
124,33,0,0
124,34,0,0
124,35,0,0
124,36,0,0
124,37,0,0
124,38,0,0
124,39,0,0
124,40,-1.4,3.565
124,41,-0.973415,6.68512
124,42,1.3331,8.36095
124,43,2.44634,8.26732
124,44,1.79825,5.927
124,45,1.72366,3.99634
124,46,-0.6115,2.12725
124,47,-1.90205,0.741026
124,48,-0.0948718,-0.304872
124,49,1.78316,-0.0673684
124,50,3.601,-0.239
124,51,4.21472,0.215278
124,52,5.29154,0.911282
124,53,5.888,1.378
124,54,0,0
124,55,0,0
124,56,0,0
124,57,0,0
124,58,0,0
124,59,0,0
124,60,0,0
124,61,0,0
124,62,0,0
124,63,0,0
124,64,0,0
124,65,0,0
125,20,0,0
125,21,0,0
125,22,0,0
125,23,0,0
125,24,0,0
125,25,0,0
125,26,0,0
125,27,0,0
125,28,0,0
125,29,0,0
125,30,0,0
125,31,0,0
125,32,0,0
125,33,0,0
125,34,0,0
125,35,0,0
125,36,0,0
125,37,0,0
125,38,0,0
125,39,0,0
125,40,-0.165,4.655
125,41,1.00333,6.21
125,42,1.20683,7.70756
125,43,2.42415,7.8078
125,44,1.99098,7.18366
125,45,1.21846,5.99897
125,46,-0.94825,3.0615
125,47,-1.9959,1.98128
125,48,-0.99975,1.90125
125,49,0.815128,1.78667
125,50,2.485,2.19947
125,51,3.43132,2.17421
125,52,4.45216,2.08054
125,53,4.8708,2.1332
125,54,0,0
125,55,0,0
125,56,0,0
125,57,0,0
125,58,0,0
125,59,0,0
125,60,0,0
125,61,0,0
125,62,0,0
125,63,0,0
125,64,0,0
125,65,0,0
126,20,0,0
126,21,0,0
126,22,0,0
126,23,0,0
126,24,0,0
126,25,0,0
126,26,0,0
126,27,0,0
126,28,0,0
126,29,0,0
126,30,0,0
126,31,0,0
126,32,0,0
126,33,0,0
126,34,0,0
126,35,0,0
126,36,0,0
126,37,0,0
126,38,0,0
126,39,0,0
126,40,0,0
126,41,1.11762,5.26476
126,42,1.39791,7.76349
126,43,1.42675,7.48225
126,44,1.0185,7.43125
126,45,0.264359,7.34949
126,46,-1.51439,4.7261
126,47,-2.57525,2.99075
126,48,-2.17641,3.71256
126,49,-0.126579,3.23737
126,50,1.77135,3.6827
126,51,2.89154,3.8159
126,52,3.4727,3.3473
126,53,3.865,2.766
126,54,0,0
126,55,0,0
126,56,0,0
126,57,0,0
126,58,0,0
126,59,0,0
126,60,0,0
126,61,0,0
126,62,0,0
126,63,0,0
126,64,0,0
126,65,0,0
127,20,0,0
127,21,0,0
127,22,0,0
127,23,0,0
127,24,0,0
127,25,0,0
127,26,0,0
127,27,0,0
127,28,0,0
127,29,0,0
127,30,0,0
127,31,0,0
127,32,0,0
127,33,0,0
127,34,0,0
127,35,0,0
127,36,0,0
127,37,0,0
127,38,0,0
127,39,0,0
127,40,0,0
127,41,0,0
127,42,1.74306,6.29306
127,43,1.03366,6.3339
127,44,-0.4755,6.7575
127,45,-0.605714,6.87619
127,46,-2.47,5.76179
127,47,-3.29875,4.31075
127,48,-2.77526,4.385
127,49,-0.103077,5.21821
127,50,1.52447,4.07368
127,51,1.49091,3.70727
127,52,2.22333,3.68333
127,53,0,0
127,54,0,0
127,55,0,0
127,56,0,0
127,57,0,0
127,58,0,0
127,59,0,0
127,60,0,0
127,61,0,0
127,62,0,0
127,63,0,0
127,64,0,0
127,65,0,0
128,20,0,0
128,21,0,0
128,22,0,0
128,23,0,0
128,24,0,0
128,25,0,0
128,26,0,0
128,27,0,0
128,28,0,0
128,29,0,0
128,30,0,0
128,31,0,0
128,32,0,0
128,33,0,0
128,34,0,0
128,35,0,0
128,36,0,0
128,37,0,0
128,38,0,0
128,39,0,0
128,40,0,0
128,41,1.91333,2.14333
128,42,2.74,4.59471
128,43,1.403,5.16025
128,44,-0.86439,5.16732
128,45,-0.312,5.50725
128,46,-2.89256,4.35154
128,47,-3.661,4.52775
128,48,-2.38231,4.65026
128,49,-0.613846,6.21051
128,50,0.556,5.674
128,51,0,0
128,52,0,0
128,53,0,0
128,54,0,0
128,55,0,0
128,56,0,0
128,57,0,0
128,58,0,0
128,59,0,0
128,60,0,0
128,61,0,0
128,62,0,0
128,63,0,0
128,64,0,0
128,65,0,0
129,20,0,0
129,21,0,0
129,22,0,0
129,23,0,0
129,24,0,0
129,25,0,0
129,26,0,0
129,27,0,0
129,28,0,0
129,29,0,0
129,30,0,0
129,31,0,0
129,32,0,0
129,33,0,0
129,34,0,0
129,35,0,0
129,36,0,0
129,37,0,0
129,38,0,0
129,39,0,0
129,40,0,0
129,41,0,0
129,42,1.20833,1.6175
129,43,-1.80171,1.98951
129,44,-1.0539,5.37512
129,45,-1.8615,5.31975
129,46,-1.67308,3.10974
129,47,-2.8995,4.06175
129,48,-2.93256,5.19282
129,49,-1.57784,6.43757
129,50,-1.315,5.81
129,51,0,0
129,52,0,0
129,53,0,0
129,54,0,0
129,55,0,0
129,56,0,0
129,57,0,0
129,58,0,0
129,59,0,0
129,60,0,0
129,61,0,0
129,62,0,0
129,63,0,0
129,64,0,0
129,65,0,0
130,20,0,0
130,21,0,0
130,22,0,0
130,23,0,0
130,24,0,0
130,25,0,0
130,26,0,0
130,27,0,0
130,28,0,0
130,29,0,0
130,30,0,0
130,31,0,0
130,32,0,0
130,33,0,0
130,34,0,0
130,35,0,0
130,36,0,0
130,37,0,0
130,38,0,0
130,39,0,0
130,40,0,0
130,41,0,0
130,42,0,0
130,43,-3.19909,2.86364
130,44,-0.235122,5.50439
130,45,-0.345128,5.00872
130,46,-1.89976,4.92585
130,47,-2.50462,3.45333
130,48,-2.88711,4.84658
130,49,-2.56095,6.09762
130,50,0,0
130,51,0,0
130,52,0,0
130,53,0,0
130,54,0,0
130,55,0,0
130,56,0,0
130,57,0,0
130,58,0,0
130,59,0,0
130,60,0,0
130,61,0,0
130,62,0,0
130,63,0,0
130,64,0,0
130,65,0,0
131,20,0,0
131,21,0,0
131,22,0,0
131,23,0,0
131,24,0,0
131,25,0,0
131,26,0,0
131,27,0,0
131,28,0,0
131,29,0,0
131,30,0,0
131,31,0,0
131,32,0,0
131,33,0,0
131,34,0,0
131,35,0,0
131,36,0,0
131,37,0,0
131,38,0,0
131,39,0,0
131,40,0,0
131,41,0,0
131,42,-2.02,1.3
131,43,-0.081,3.582
131,44,-0.134483,4.16379
131,45,-1.17455,4.45909
131,46,-3.24825,4.52625
131,47,-2.696,4.42525
131,48,-3.23556,3.71
131,49,0,0
131,50,0,0
131,51,0,0
131,52,0,0
131,53,0,0
131,54,0,0
131,55,0,0
131,56,0,0
131,57,0,0
131,58,0,0
131,59,0,0
131,60,0,0
131,61,0,0
131,62,0,0
131,63,0,0
131,64,0,0
131,65,0,0
132,20,0,0
132,21,0,0
132,22,0,0
132,23,0,0
132,24,0,0
132,25,0,0
132,26,0,0
132,27,0,0
132,28,0,0
132,29,0,0
132,30,0,0
132,31,0,0
132,32,0,0
132,33,0,0
132,34,0,0
132,35,0,0
132,36,0,0
132,37,0,0
132,38,0,0
132,39,0,0
132,40,0,0
132,41,0,0
132,42,0,0
132,43,0,0
132,44,0,0
132,45,-2.29818,4.97273
132,46,-2.64868,4.87474
132,47,-2.97951,5.09488
132,48,-3.01143,4.85857
132,49,0,0
132,50,0,0
132,51,0,0
132,52,0,0
132,53,0,0
132,54,0,0
132,55,0,0
132,56,0,0
132,57,0,0
132,58,0,0
132,59,0,0
132,60,0,0
132,61,0,0
132,62,0,0
132,63,0,0
132,64,0,0
132,65,0,0
133,20,0,0
133,21,0,0
133,22,0,0
133,23,0,0
133,24,0,0
133,25,0,0
133,26,0,0
133,27,0,0
133,28,0,0
133,29,0,0
133,30,0,0
133,31,0,0
133,32,0,0
133,33,0,0
133,34,0,0
133,35,0,0
133,36,0,0
133,37,0,0
133,38,0,0
133,39,0,0
133,40,0,0
133,41,0,0
133,42,0,0
133,43,0,0
133,44,0,0
133,45,0.599,5.284
133,46,-1.00487,4.23769
133,47,-2.11897,4.87205
133,48,-1.82895,4.3
133,49,0,0
133,50,0,0
133,51,0,0
133,52,0,0
133,53,0,0
133,54,0,0
133,55,0,0
133,56,0,0
133,57,0,0
133,58,0,0
133,59,0,0
133,60,0,0
133,61,0,0
133,62,0,0
133,63,0,0
133,64,0,0
133,65,0,0
134,20,0,0
134,21,0,0
134,22,0,0
134,23,0,0
134,24,0,0
134,25,0,0
134,26,0,0
134,27,0,0
134,28,0,0
134,29,0,0
134,30,0,0
134,31,0,0
134,32,0,0
134,33,0,0
134,34,0,0
134,35,0,0
134,36,0,0
134,37,0,0
134,38,0,0
134,39,0,0
134,40,0,0
134,41,0,0
134,42,0,0
134,43,0,0
134,44,0,0
134,45,0,0
134,46,-1.07125,2.06125
134,47,-1.76875,3.845
134,48,-1.511,3.628
134,49,0,0
134,50,0,0
134,51,0,0
134,52,0,0
134,53,0,0
134,54,0,0
134,55,0,0
134,56,0,0
134,57,0,0
134,58,0,0
134,59,0,0
134,60,0,0
134,61,0,0
134,62,0,0
134,63,0,0
134,64,0,0
134,65,0,0
135,20,0,0
135,21,0,0
135,22,0,0
135,23,0,0
135,24,0,0
135,25,0,0
135,26,0,0
135,27,0,0
135,28,0,0
135,29,0,0
135,30,0,0
135,31,0,0
135,32,0,0
135,33,0,0
135,34,0,0
135,35,0,0
135,36,0,0
135,37,0,0
135,38,0,0
135,39,0,0
135,40,0,0
135,41,0,0
135,42,0,0
135,43,0,0
135,44,0,0
135,45,0,0
135,46,0,0
135,47,0,0
135,48,-1.04286,2.90286
135,49,0,0
135,50,0,0
135,51,0,0
135,52,0,0
135,53,0,0
135,54,0,0
135,55,0,0
135,56,0,0
135,57,0,0
135,58,0,0
135,59,0,0
135,60,0,0
135,61,0,0
135,62,0,0
135,63,0,0
135,64,0,0
135,65,0,0
136,20,0,0
136,21,0,0
136,22,0,0
136,23,0,0
136,24,0,0
136,25,0,0
136,26,0,0
136,27,0,0
136,28,0,0
136,29,0,0
136,30,0,0
136,31,0,0
136,32,0,0
136,33,0,0
136,34,0,0
136,35,0,0
136,36,0,0
136,37,0,0
136,38,0,0
136,39,0,0
136,40,0,0
136,41,0,0
136,42,0,0
136,43,0,0
136,44,0,0
136,45,0,0
136,46,0,0
136,47,0,0
136,48,0,0
136,49,0,0
136,50,0,0
136,51,0,0
136,52,0,0
136,53,0,0
136,54,0,0
136,55,0,0
136,56,0,0
136,57,0,0
136,58,0,0
136,59,0,0
136,60,0,0
136,61,0,0
136,62,0,0
136,63,0,0
136,64,0,0
136,65,0,0
137,20,0,0
137,21,0,0
137,22,0,0
137,23,0,0
137,24,0,0
137,25,0,0
137,26,0,0
137,27,0,0
137,28,0,0
137,29,0,0
137,30,0,0
137,31,0,0
137,32,0,0
137,33,0,0
137,34,0,0
137,35,0,0
137,36,0,0
137,37,0,0
137,38,0,0
137,39,0,0
137,40,0,0
137,41,0,0
137,42,0,0
137,43,0,0
137,44,0,0
137,45,0,0
137,46,0,0
137,47,0,0
137,48,0,0
137,49,0,0
137,50,0,0
137,51,0,0
137,52,0,0
137,53,0,0
137,54,0,0
137,55,0,0
137,56,0,0
137,57,0,0
137,58,0,0
137,59,0,0
137,60,0,0
137,61,0,0
137,62,0,0
137,63,0,0
137,64,0,0
137,65,0,0
138,20,0,0
138,21,0,0
138,22,0,0
138,23,0,0
138,24,0,0
138,25,0,0
138,26,0,0
138,27,0,0
138,28,0,0
138,29,0,0
138,30,0,0
138,31,0,0
138,32,0,0
138,33,0,0
138,34,0,0
138,35,0,0
138,36,0,0
138,37,0,0
138,38,0,0
138,39,0,0
138,40,0,0
138,41,0,0
138,42,0,0
138,43,0,0
138,44,0,0
138,45,0,0
138,46,0,0
138,47,0,0
138,48,0,0
138,49,0,0
138,50,0,0
138,51,0,0
138,52,0,0
138,53,0,0
138,54,0,0
138,55,0,0
138,56,0,0
138,57,0,0
138,58,0,0
138,59,0,0
138,60,0,0
138,61,0,0
138,62,0,0
138,63,0,0
138,64,0,0
138,65,0,0
139,20,0,0
139,21,0,0
139,22,0,0
139,23,0,0
139,24,0,0
139,25,0,0
139,26,0,0
139,27,0,0
139,28,0,0
139,29,0,0
139,30,0,0
139,31,0,0
139,32,0,0
139,33,0,0
139,34,0,0
139,35,0,0
139,36,0,0
139,37,0,0
139,38,0,0
139,39,0,0
139,40,0,0
139,41,0,0
139,42,0,0
139,43,0,0
139,44,0,0
139,45,0,0
139,46,0,0
139,47,0,0
139,48,0,0
139,49,0,0
139,50,0,0
139,51,0,0
139,52,0,0
139,53,0,0
139,54,0,0
139,55,0,0
139,56,0,0
139,57,0,0
139,58,0,0
139,59,0,0
139,60,0,0
139,61,0,0
139,62,0,0
139,63,0,0
139,64,0,0
139,65,0,0
140,20,0,0
140,21,0,0
140,22,0,0
140,23,0,0
140,24,0,0
140,25,0,0
140,26,0,0
140,27,0,0
140,28,0,0
140,29,0,0
140,30,0,0
140,31,0,0
140,32,0,0
140,33,0,0
140,34,0,0
140,35,0,0
140,36,0,0
140,37,0,0
140,38,0,0
140,39,0,0
140,40,0,0
140,41,0,0
140,42,0,0
140,43,0,0
140,44,0,0
140,45,0,0
140,46,0,0
140,47,0,0
140,48,0,0
140,49,0,0
140,50,0,0
140,51,0,0
140,52,0,0
140,53,0,0
140,54,0,0
140,55,0,0
140,56,0,0
140,57,0,0
140,58,0,0
140,59,0,0
140,60,0,0
140,61,0,0
140,62,0,0
140,63,0,0
140,64,0,0
140,65,0,0
