lon,lat,U,V
60,20,0,0
60,21,0,0
60,22,0,0
60,23,0,0
60,24,0,0
60,25,0,0
60,26,0,0
60,27,0,0
60,28,0,0
60,29,0,0
60,30,0,0
60,31,0,0
60,32,0,0
60,33,0,0
60,34,0,0
60,35,0,0
60,36,0,0
60,37,0,0
60,38,0,0
60,39,0,0
60,40,0,0
60,41,0,0
60,42,0,0
60,43,0,0
60,44,0,0
60,45,0,0
60,46,0,0
60,47,0,0
60,48,0,0
60,49,0,0
60,50,0,0
60,51,0,0
60,52,0,0
60,53,0,0
60,54,0,0
60,55,0,0
60,56,0,0
60,57,0,0
60,58,0,0
60,59,0,0
60,60,0,0
60,61,0,0
60,62,0,0
60,63,0,0
60,64,0,0
60,65,0,0
61,20,0,0
61,21,0,0
61,22,0,0
61,23,0,0
61,24,0,0
61,25,0,0
61,26,0,0
61,27,0,0
61,28,0,0
61,29,0,0
61,30,0,0
61,31,0,0
61,32,0,0
61,33,0,0
61,34,0,0
61,35,0,0
61,36,0,0
61,37,0,0
61,38,0,0
61,39,0,0
61,40,0,0
61,41,0,0
61,42,0,0
61,43,0,0
61,44,0,0
61,45,0,0
61,46,0,0
61,47,0,0
61,48,0,0
61,49,0,0
61,50,0,0
61,51,0,0
61,52,0,0
61,53,0,0
61,54,0,0
61,55,0,0
61,56,0,0
61,57,0,0
61,58,0,0
61,59,0,0
61,60,0,0
61,61,0,0
61,62,0,0
61,63,0,0
61,64,0,0
61,65,0,0
62,20,0,0
62,21,0,0
62,22,0,0
62,23,0,0
62,24,0,0
62,25,0,0
62,26,0,0
62,27,0,0
62,28,0,0
62,29,0,0
62,30,0,0
62,31,0,0
62,32,0,0
62,33,0,0
62,34,0,0
62,35,0,0
62,36,0,0
62,37,0,0
62,38,0,0
62,39,0,0
62,40,0,0
62,41,0,0
62,42,0,0
62,43,0,0
62,44,0,0
62,45,0,0
62,46,0,0
62,47,0,0
62,48,0,0
62,49,0,0
62,50,0,0
62,51,0,0
62,52,0,0
62,53,0,0
62,54,0,0
62,55,0,0
62,56,0,0
62,57,0,0
62,58,0,0
62,59,0,0
62,60,0,0
62,61,0,0
62,62,0,0
62,63,0,0
62,64,0,0
62,65,0,0
63,20,0,0
63,21,0,0
63,22,0,0
63,23,0,0
63,24,0,0
63,25,0,0
63,26,0,0
63,27,0,0
63,28,0,0
63,29,0,0
63,30,0,0
63,31,0,0
63,32,0,0
63,33,0,0
63,34,0,0
63,35,0,0
63,36,0,0
63,37,0,0
63,38,0,0
63,39,0,0
63,40,0,0
63,41,0,0
63,42,0,0
63,43,0,0
63,44,0,0
63,45,0,0
63,46,0,0
63,47,0,0
63,48,0,0
63,49,0,0
63,50,0,0
63,51,0,0
63,52,0,0
63,53,0,0
63,54,0,0
63,55,0,0
63,56,0,0
63,57,0,0
63,58,0,0
63,59,0,0
63,60,0,0
63,61,0,0
63,62,0,0
63,63,0,0
63,64,0,0
63,65,0,0
64,20,0,0
64,21,0,0
64,22,0,0
64,23,0,0
64,24,0,0
64,25,0,0
64,26,0,0
64,27,0,0
64,28,0,0
64,29,0,0
64,30,0,0
64,31,0,0
64,32,0,0
64,33,0,0
64,34,0,0
64,35,0,0
64,36,0,0
64,37,0,0
64,38,0,0
64,39,0,0
64,40,0,0
64,41,0,0
64,42,0,0
64,43,0,0
64,44,0,0
64,45,0,0
64,46,0,0
64,47,0,0
64,48,0,0
64,49,0,0
64,50,0,0
64,51,0,0
64,52,0,0
64,53,0,0
64,54,0,0
64,55,0,0
64,56,0,0
64,57,0,0
64,58,0,0
64,59,0,0
64,60,0,0
64,61,0,0
64,62,0,0
64,63,0,0
64,64,0,0
64,65,0,0
65,20,0,0
65,21,0,0
65,22,0,0
65,23,0,0
65,24,0,0
65,25,0,0
65,26,0,0
65,27,0,0
65,28,0,0
65,29,0,0
65,30,0,0
65,31,0,0
65,32,0,0
65,33,0,0
65,34,0,0
65,35,0,0
65,36,0,0
65,37,0,0
65,38,0,0
65,39,0,0
65,40,0,0
65,41,0,0
65,42,0,0
65,43,0,0
65,44,0,0
65,45,0,0
65,46,0,0
65,47,0,0
65,48,0,0
65,49,0,0
65,50,0,0
65,51,0,0
65,52,0,0
65,53,0,0
65,54,0,0
65,55,0,0
65,56,0,0
65,57,0,0
65,58,0,0
65,59,0,0
65,60,0,0
65,61,0,0
65,62,0,0
65,63,0,0
65,64,0,0
65,65,0,0
66,20,0,0
66,21,0,0
66,22,0,0
66,23,0,0
66,24,0,0
66,25,0,0
66,26,0,0
66,27,0,0
66,28,0,0
66,29,0,0
66,30,0,0
66,31,0,0
66,32,0,0
66,33,0,0
66,34,0,0
66,35,0,0
66,36,0,0
66,37,0,0
66,38,0,0
66,39,0,0
66,40,0,0
66,41,0,0
66,42,0,0
66,43,0,0
66,44,0,0
66,45,0,0
66,46,0,0
66,47,0,0
66,48,0,0
66,49,0,0
66,50,0,0
66,51,0,0
66,52,0,0
66,53,0,0
66,54,0,0
66,55,0,0
66,56,0,0
66,57,0,0
66,58,0,0
66,59,0,0
66,60,0,0
66,61,0,0
66,62,0,0
66,63,0,0
66,64,0,0
66,65,0,0
67,20,0,0
67,21,0,0
67,22,0,0
67,23,0,0
67,24,0,0
67,25,0,0
67,26,0,0
67,27,0,0
67,28,0,0
67,29,0,0
67,30,0,0
67,31,0,0
67,32,0,0
67,33,0,0
67,34,0,0
67,35,0,0
67,36,0,0
67,37,0,0
67,38,0,0
67,39,0,0
67,40,0,0
67,41,0,0
67,42,0,0
67,43,0,0
67,44,0,0
67,45,0,0
67,46,0,0
67,47,0,0
67,48,0,0
67,49,0,0
67,50,0,0
67,51,0,0
67,52,0,0
67,53,0,0
67,54,0,0
67,55,0,0
67,56,0,0
67,57,0,0
67,58,0,0
67,59,0,0
67,60,0,0
67,61,0,0
67,62,0,0
67,63,0,0
67,64,0,0
67,65,0,0
68,20,0,0
68,21,0,0
68,22,0,0
68,23,0,0
68,24,0,0
68,25,0,0
68,26,0,0
68,27,0,0
68,28,0,0
68,29,0,0
68,30,0,0
68,31,0,0
68,32,0,0
68,33,0,0
68,34,0,0
68,35,0,0
68,36,0,0
68,37,0,0
68,38,0,0
68,39,0,0
68,40,0,0
68,41,0,0
68,42,0,0
68,43,0,0
68,44,0,0
68,45,0,0
68,46,0,0
68,47,0,0
68,48,0,0
68,49,0,0
68,50,0,0
68,51,0,0
68,52,0,0
68,53,0,0
68,54,0,0
68,55,0,0
68,56,0,0
68,57,0,0
68,58,0,0
68,59,0,0
68,60,0,0
68,61,0,0
68,62,0,0
68,63,0,0
68,64,0,0
68,65,0,0
69,20,0,0
69,21,0,0
69,22,0,0
69,23,0,0
69,24,0,0
69,25,0,0
69,26,0,0
69,27,0,0
69,28,0,0
69,29,0,0
69,30,0,0
69,31,0,0
69,32,0,0
69,33,0,0
69,34,0,0
69,35,0,0
69,36,0,0
69,37,0,0
69,38,0,0
69,39,0,0
69,40,0,0
69,41,0,0
69,42,0,0
69,43,0,0
69,44,0,0
69,45,0,0
69,46,0,0
69,47,0,0
69,48,0,0
69,49,0,0
69,50,0,0
69,51,0,0
69,52,0,0
69,53,0,0
69,54,0,0
69,55,0,0
69,56,0,0
69,57,0,0
69,58,0,0
69,59,0,0
69,60,0,0
69,61,0,0
69,62,0,0
69,63,0,0
69,64,0,0
69,65,0,0
70,20,0,0
70,21,0,0
70,22,0,0
70,23,0,0
70,24,0,0
70,25,0,0
70,26,0,0
70,27,0,0
70,28,0,0
70,29,0,0
70,30,0,0
70,31,0,0
70,32,0,0
70,33,0,0
70,34,0,0
70,35,0,0
70,36,0,0
70,37,0,0
70,38,0,0
70,39,0,0
70,40,0,0
70,41,0,0
70,42,0,0
70,43,0,0
70,44,0,0
70,45,0,0
70,46,0,0
70,47,0,0
70,48,0,0
70,49,0,0
70,50,0,0
70,51,0,0
70,52,0,0
70,53,0,0
70,54,0,0
70,55,0,0
70,56,0,0
70,57,0,0
70,58,0,0
70,59,0,0
70,60,0,0
70,61,0,0
70,62,0,0
70,63,0,0
70,64,0,0
70,65,0,0
71,20,0,0
71,21,0,0
71,22,0,0
71,23,0,0
71,24,0,0
71,25,0,0
71,26,0,0
71,27,0,0
71,28,0,0
71,29,0,0
71,30,0,0
71,31,0,0
71,32,0,0
71,33,0,0
71,34,0,0
71,35,0,0
71,36,0,0
71,37,0,0
71,38,0,0
71,39,0,0
71,40,0,0
71,41,0,0
71,42,0,0
71,43,0,0
71,44,0,0
71,45,0,0
71,46,0,0
71,47,0,0
71,48,0,0
71,49,0,0
71,50,0,0
71,51,0,0
71,52,0,0
71,53,0,0
71,54,0,0
71,55,0,0
71,56,0,0
71,57,0,0
71,58,0,0
71,59,0,0
71,60,0,0
71,61,0,0
71,62,0,0
71,63,0,0
71,64,0,0
71,65,0,0
72,20,0,0
72,21,0,0
72,22,0,0
72,23,0,0
72,24,0,0
72,25,0,0
72,26,0,0
72,27,0,0
72,28,0,0
72,29,0,0
72,30,0,0
72,31,0,0
72,32,0,0
72,33,0,0
72,34,0,0
72,35,0,0
72,36,0,0
72,37,0,0
72,38,0,0
72,39,0,0
72,40,0,0
72,41,0,0
72,42,0,0
72,43,0,0
72,44,0,0
72,45,0,0
72,46,0,0
72,47,0,0
72,48,0,0
72,49,0,0
72,50,0,0
72,51,0,0
72,52,0,0
72,53,0,0
72,54,0,0
72,55,0,0
72,56,0,0
72,57,0,0
72,58,0,0
72,59,0,0
72,60,0,0
72,61,0,0
72,62,0,0
72,63,0,0
72,64,0,0
72,65,0,0
73,20,0,0
73,21,0,0
73,22,0,0
73,23,0,0
73,24,0,0
73,25,0,0
73,26,0,0
73,27,0,0
73,28,0,0
73,29,0,0
73,30,0,0
73,31,0,0
73,32,0,0
73,33,0,0
73,34,0,0
73,35,0,0
73,36,0,0
73,37,0,0
73,38,0,0
73,39,0,0
73,40,0,0
73,41,0,0
73,42,0,0
73,43,0,0
73,44,0,0
73,45,0,0
73,46,0,0
73,47,0,0
73,48,0,0
73,49,0,0
73,50,0,0
73,51,0,0
73,52,0,0
73,53,0,0
73,54,0,0
73,55,0,0
73,56,0,0
73,57,0,0
73,58,0,0
73,59,0,0
73,60,0,0
73,61,0,0
73,62,0,0
73,63,0,0
73,64,0,0
73,65,0,0
74,20,0,0
74,21,0,0
74,22,0,0
74,23,0,0
74,24,0,0
74,25,0,0
74,26,0,0
74,27,0,0
74,28,0,0
74,29,0,0
74,30,0,0
74,31,0,0
74,32,0,0
74,33,0,0
74,34,0,0
74,35,0,0
74,36,0,0
74,37,0,0
74,38,0,0
74,39,11.7762,4.17281
74,40,3.62933,0.0486667
74,41,0,0
74,42,0,0
74,43,0,0
74,44,0,0
74,45,0,0
74,46,0,0
74,47,0,0
74,48,0,0
74,49,0,0
74,50,0,0
74,51,0,0
74,52,0,0
74,53,0,0
74,54,0,0
74,55,0,0
74,56,0,0
74,57,0,0
74,58,0,0
74,59,0,0
74,60,0,0
74,61,0,0
74,62,0,0
74,63,0,0
74,64,0,0
74,65,0,0
75,20,0,0
75,21,0,0
75,22,0,0
75,23,0,0
75,24,0,0
75,25,0,0
75,26,0,0
75,27,0,0
75,28,0,0
75,29,0,0
75,30,0,0
75,31,0,0
75,32,0,0
75,33,0,0
75,34,0,0
75,35,0,0
75,36,0,0
75,37,11.0594,6.20563
75,38,10.2981,1.34667
75,39,6.69707,2.17854
75,40,2.20325,1.1505
75,41,4.25,6.53
75,42,0,0
75,43,0,0
75,44,0,0
75,45,0,0
75,46,0,0
75,47,0,0
75,48,0,0
75,49,0,0
75,50,0,0
75,51,0,0
75,52,0,0
75,53,0,0
75,54,0,0
75,55,0,0
75,56,0,0
75,57,0,0
75,58,0,0
75,59,0,0
75,60,0,0
75,61,0,0
75,62,0,0
75,63,0,0
75,64,0,0
75,65,0,0
76,20,0,0
76,21,0,0
76,22,0,0
76,23,0,0
76,24,0,0
76,25,0,0
76,26,0,0
76,27,0,0
76,28,0,0
76,29,0,0
76,30,0,0
76,31,0,0
76,32,0,0
76,33,0,0
76,34,0,0
76,35,0,0
76,36,9.51214,8.84143
76,37,10.4338,4.42
76,38,8.16465,0.434651
76,39,1.31238,-1.56976
76,40,-0.358158,-0.509211
76,41,6.13,5.82
76,42,0,0
76,43,0,0
76,44,0,0
76,45,0,0
76,46,0,0
76,47,0,0
76,48,0,0
76,49,0,0
76,50,0,0
76,51,0,0
76,52,0,0
76,53,0,0
76,54,0,0
76,55,0,0
76,56,0,0
76,57,0,0
76,58,0,0
76,59,0,0
76,60,0,0
76,61,0,0
76,62,0,0
76,63,0,0
76,64,0,0
76,65,0,0
77,20,0,0
77,21,0,0
77,22,0,0
77,23,0,0
77,24,0,0
77,25,0,0
77,26,0,0
77,27,0,0
77,28,0,0
77,29,0,0
77,30,0,0
77,31,0,0
77,32,0,0
77,33,0,0
77,34,0,0
77,35,0,0
77,36,8.17,6.07486
77,37,6.57711,4.24956
77,38,0.877381,-1.22976
77,39,-0.988095,-1.03357
77,40,-1.2222,-0.280244
77,41,3.4405,2.378
77,42,0,0
77,43,0,0
77,44,0,0
77,45,0,0
77,46,0,0
77,47,0,0
77,48,0,0
77,49,0,0
77,50,0,0
77,51,0,0
77,52,0,0
77,53,0,0
77,54,0,0
77,55,0,0
77,56,0,0
77,57,0,0
77,58,0,0
77,59,0,0
77,60,0,0
77,61,0,0
77,62,0,0
77,63,0,0
77,64,0,0
77,65,0,0
78,20,0,0
78,21,0,0
78,22,0,0
78,23,0,0
78,24,0,0
78,25,0,0
78,26,0,0
78,27,0,0
78,28,0,0
78,29,0,0
78,30,0,0
78,31,0,0
78,32,0,0
78,33,0,0
78,34,0,0
78,35,4.86143,2.18429
78,36,9.16909,3.31795
78,37,5.45952,1.26524
78,38,0.0402273,-0.4025
78,39,-3.41476,0.057619
78,40,-2.70116,-0.976279
78,41,6.61778,1.71167
78,42,0,0
78,43,0,0
78,44,0,0
78,45,0,0
78,46,0,0
78,47,0,0
78,48,0,0
78,49,0,0
78,50,0,0
78,51,0,0
78,52,0,0
78,53,0,0
78,54,0,0
78,55,0,0
78,56,0,0
78,57,0,0
78,58,0,0
78,59,0,0
78,60,0,0
78,61,0,0
78,62,0,0
78,63,0,0
78,64,0,0
78,65,0,0
79,20,0,0
79,21,0,0
79,22,0,0
79,23,0,0
79,24,0,0
79,25,0,0
79,26,0,0
79,27,0,0
79,28,0,0
79,29,0,0
79,30,0,0
79,31,4.22429,1.195
79,32,3.38632,-0.00447368
79,33,5.09947,-0.694737
79,34,4.29097,-1.76516
79,35,6.97,0.558182
79,36,8.46465,2.64698
79,37,3.11442,0.0516279
79,38,-1.03767,0.389535
79,39,-3.87167,0.202619
79,40,-3.2314,-1.38395
79,41,1.39024,0.535238
79,42,1.43,0.05875
79,43,0,0
79,44,0,0
79,45,0,0
79,46,0,0
79,47,0,0
79,48,0,0
79,49,0,0
79,50,0,0
79,51,0,0
79,52,0,0
79,53,0,0
79,54,0,0
79,55,0,0
79,56,0,0
79,57,0,0
79,58,0,0
79,59,0,0
79,60,0,0
79,61,0,0
79,62,0,0
79,63,0,0
79,64,0,0
79,65,0,0
80,20,0,0
80,21,0,0
80,22,0,0
80,23,0,0
80,24,0,0
80,25,0,0
80,26,0,0
80,27,0,0
80,28,0,0
80,29,0,0
80,30,0,0
80,31,3.25306,-0.331111
80,32,4.26149,0.101702
80,33,5.12341,-1.02955
80,34,4.4075,-1.94909
80,35,5.06795,-1.30727
80,36,5.16409,0.872273
80,37,0.86,0.0625581
80,38,-2.25773,1.23318
80,39,-3.83047,0.739535
80,40,-3.34952,-0.976429
80,41,-1.37659,-2.01195
80,42,6.19154,-0.550385
80,43,0.646,-0.416
80,44,4.99,-0.63
80,45,9.14,2.13857
80,46,0,0
80,47,0,0
80,48,0,0
80,49,0,0
80,50,0,0
80,51,0,0
80,52,0,0
80,53,0,0
80,54,0,0
80,55,0,0
80,56,0,0
80,57,0,0
80,58,0,0
80,59,0,0
80,60,0,0
80,61,0,0
80,62,0,0
80,63,0,0
80,64,0,0
80,65,0,0
81,20,0,0
81,21,0,0
81,22,0,0
81,23,0,0
81,24,0,0
81,25,0,0
81,26,0,0
81,27,0,0
81,28,0,0
81,29,0,0
81,30,3.19222,-0.688889
81,31,4.7717,-0.34234
81,32,6.08159,-0.650455
81,33,5.27191,-1.12383
81,34,4.52889,-1.31178
81,35,5.99244,-1.13622
81,36,2.91163,0.244884
81,37,-0.113721,0.255349
81,38,-2.79349,0.644651
81,39,-2.80558,0.310698
81,40,-2.64905,-0.400476
81,41,-2.61786,-1.3881
81,42,2.55512,1.1661
81,43,1.40658,0.297368
81,44,2.45789,0.0381579
81,45,3.49192,1.66154
81,46,0,0
81,47,0,0
81,48,0,0
81,49,0,0
81,50,0,0
81,51,0,0
81,52,0,0
81,53,0,0
81,54,0,0
81,55,0,0
81,56,0,0
81,57,0,0
81,58,0,0
81,59,0,0
81,60,0,0
81,61,0,0
81,62,0,0
81,63,0,0
81,64,0,0
81,65,0,0
82,20,0,0
82,21,0,0
82,22,0,0
82,23,0,0
82,24,0,0
82,25,0,0
82,26,0,0
82,27,0,0
82,28,0,0
82,29,0,0
82,30,5.366,0.767
82,31,5.94458,-0.026875
82,32,6.37128,-0.94
82,33,4.56273,-1.33364
82,34,4.74477,-0.159318
82,35,3.33133,-0.0222222
82,36,2.34023,0.688864
82,37,-0.0197727,0.313864
82,38,-2.55465,0.409302
82,39,-2.7122,0.584146
82,40,-2.14837,0.545814
82,41,-1.7595,-0.13925
82,42,0.037619,-0.214286
82,43,0.9625,0.4025
82,44,2.57952,0.855238
82,45,0.334062,0.267812
82,46,-0.00333333,-3.2
82,47,0,0
82,48,0,0
82,49,0,0
82,50,0,0
82,51,0,0
82,52,0,0
82,53,0,0
82,54,0,0
82,55,0,0
82,56,0,0
82,57,0,0
82,58,0,0
82,59,0,0
82,60,0,0
82,61,0,0
82,62,0,0
82,63,0,0
82,64,0,0
82,65,0,0
83,20,0,0
83,21,0,0
83,22,0,0
83,23,0,0
83,24,0,0
83,25,0,0
83,26,0,0
83,27,0,0
83,28,0,0
83,29,4.12,1.75
83,30,4.48462,0.221538
83,31,6.21543,0.314783
83,32,5.49844,-0.754222
83,33,2.48891,-0.171087
83,34,2.80955,0.544091
83,35,3.78689,0.74
83,36,2.59558,0.777674
83,37,0.845111,0.342667
83,38,-2.86415,-0.0180488
83,39,-3.34186,0.942791
83,40,-2.37881,1.1519
83,41,-1.04682,0.969773
83,42,-0.50425,-0.7035
83,43,3.735,1.93143
83,44,1.40205,1.74538
83,45,-0.120244,-0.855854
83,46,2.39297,-0.509459
83,47,1.26765,-0.164706
83,48,0,0
83,49,0,0
83,50,0,0
83,51,0,0
83,52,0,0
83,53,0,0
83,54,0,0
83,55,0,0
83,56,0,0
83,57,0,0
83,58,0,0
83,59,0,0
83,60,0,0
83,61,0,0
83,62,0,0
83,63,0,0
83,64,0,0
83,65,0,0
84,20,0,0
84,21,0,0
84,22,0,0
84,23,0,0
84,24,0,0
84,25,0,0
84,26,0,0
84,27,0,0
84,28,0,0
84,29,4.85625,-0.0525
84,30,4.50787,0.292553
84,31,5.08378,0.288
84,32,1.97936,1.03383
84,33,1.15133,2.26467
84,34,2.3837,1.85435
84,35,3.11791,1.53372
84,36,2.21364,1.39864
84,37,2.06465,1.0786
84,38,-3.2125,0.00931818
84,39,-3.92372,0.358372
84,40,-2.64116,0.509535
84,41,-0.687,0.499
84,42,1.89119,0.317619
84,43,1.21725,1.1805
84,44,2.26951,2.72268
84,45,-2.503,-0.38525
84,46,2.3265,-2.06825
84,47,5.064,1.627
84,48,0,0
84,49,0,0
84,50,0,0
84,51,0,0
84,52,0,0
84,53,0,0
84,54,0,0
84,55,0,0
84,56,0,0
84,57,0,0
84,58,0,0
84,59,0,0
84,60,0,0
84,61,0,0
84,62,0,0
84,63,0,0
84,64,0,0
84,65,0,0
85,20,0,0
85,21,0,0
85,22,0,0
85,23,0,0
85,24,0,0
85,25,0,0
85,26,0,0
85,27,0,0
85,28,-0.785,0.755
85,29,2.76205,0.230909
85,30,5.06319,0.784894
85,31,2.15478,0.356739
85,32,-0.172826,2.12326
85,33,0.645556,3.79356
85,34,1.81978,3.57778
85,35,3.40841,1.94682
85,36,3.63,1.90267
85,37,2.90791,1.06651
85,38,-2.62381,0.259524
85,39,-4.46116,-0.174186
85,40,-2.48293,-0.492683
85,41,-1.27884,-0.621163
85,42,2.26366,-0.519024
85,43,3.80585,1.31122
85,44,2.83925,2.1345
85,45,-3.16949,-1.4541
85,46,0.882683,-0.998537
85,47,5.75682,-1.8
85,48,0,0
85,49,0,0
85,50,0,0
85,51,0,0
85,52,0,0
85,53,0,0
85,54,0,0
85,55,0,0
85,56,0,0
85,57,0,0
85,58,0,0
85,59,0,0
85,60,0,0
85,61,0,0
85,62,0,0
85,63,0,0
85,64,0,0
85,65,0,0
86,20,0,0
86,21,0,0
86,22,0,0
86,23,0,0
86,24,0,0
86,25,0,0
86,26,0,0
86,27,0,0
86,28,0.697143,1.74143
86,29,2.09511,1.09979
86,30,4.21043,2.77848
86,31,1.70042,0.95625
86,32,-1.67432,2.05909
86,33,0.808261,4.61174
86,34,2.03733,3.27644
86,35,4.34089,1.62378
86,36,5.05605,0.926279
86,37,3.6125,0.891818
86,38,-0.924286,0.439524
86,39,-4.47791,-1.15884
86,40,-2.32929,-0.590476
86,41,-0.855122,-0.493171
86,42,1.17857,-0.518333
86,43,5.13366,1.92122
86,44,1.03585,0.240488
86,45,-2.813,-1.9845
86,46,-1.8015,-1.0215
86,47,3.09629,-0.390571
86,48,-3.11818,2.37545
86,49,0,0
86,50,0,0
86,51,0,0
86,52,0,0
86,53,0,0
86,54,0,0
86,55,0,0
86,56,0,0
86,57,0,0
86,58,0,0
86,59,0,0
86,60,0,0
86,61,0,0
86,62,0,0
86,63,0,0
86,64,0,0
86,65,0,0
87,20,0,0
87,21,0,0
87,22,0,0
87,23,0,0
87,24,0,0
87,25,0,0
87,26,0,0
87,27,0,0
87,28,1.15577,1.36423
87,29,0.544043,1.44319
87,30,2.09979,3.45106
87,31,-1.75319,2.39213
87,32,-3.17467,3.054
87,33,0.929111,4.14689
87,34,2.76089,4.80622
87,35,4.33372,3.10465
87,36,3.67864,0.906136
87,37,2.68818,0.877955
87,38,0.490909,1.23841
87,39,-3.86634,-2.21341
87,40,-2.66884,-1.32186
87,41,-0.191429,-0.751429
87,42,0.876585,0.0741463
87,43,5.1278,1.11659
87,44,-0.01075,-0.7125
87,45,-2.86512,-1.88805
87,46,-1.931,-1.7315
87,47,-0.001,-0.85625
87,48,-3.30308,2.96179
87,49,2.85158,5.53474
87,50,0,0
87,51,0,0
87,52,0,0
87,53,0,0
87,54,0,0
87,55,0,0
87,56,0,0
87,57,0,0
87,58,0,0
87,59,0,0
87,60,0,0
87,61,0,0
87,62,0,0
87,63,0,0
87,64,0,0
87,65,0,0
88,20,0,0
88,21,0,0
88,22,0,0
88,23,0,0
88,24,0,0
88,25,0,0
88,26,0,0
88,27,0,0
88,28,0.731429,1.51357
88,29,-0.186042,1.45708
88,30,0.221875,2.56583
88,31,-1.21111,2.152
88,32,-2.775,3.02783
88,33,-0.100435,4.32848
88,34,2.94111,5.7
88,35,4.65698,4.06512
88,36,4.26886,1.2475
88,37,3.26114,0.266591
88,38,3.40837,1.38837
88,39,-2.37581,-1.70558
88,40,-3.1469,-2.02976
88,41,0.545366,-1.23098
88,42,0.90575,0.6845
88,43,0.832619,0.551429
88,44,-1.17878,0.453659
88,45,-3.64154,-0.857436
88,46,-0.94125,0.03225
88,47,-1.33308,1.39667
88,48,-1.59132,2.55842
88,49,5.95455,4.69455
88,50,0,0
88,51,0,0
88,52,0,0
88,53,0,0
88,54,0,0
88,55,0,0
88,56,0,0
88,57,0,0
88,58,0,0
88,59,0,0
88,60,0,0
88,61,0,0
88,62,0,0
88,63,0,0
88,64,0,0
88,65,0,0
89,20,0,0
89,21,0,0
89,22,0,0
89,23,0,0
89,24,0,0
89,25,0,0
89,26,0,0
89,27,-0.323333,-0.413333
89,28,0.117879,0.765758
89,29,-1.02125,0.496042
89,30,-0.333404,1.37021
89,31,-0.850851,0.905532
89,32,-2.58067,1.39867
89,33,0.438667,3.74978
89,34,2.73778,4.864
89,35,4.35467,4.83178
89,36,5.40535,2.56884
89,37,3.73953,0.04
89,38,2.25209,-0.33814
89,39,-0.384186,0.480465
89,40,-4.03833,-1.78976
89,41,-1.17667,-0.777143
89,42,0.645,-0.230238
89,43,0.40575,-0.36125
89,44,-0.13,0.53175
89,45,-3.33463,-0.63
89,46,-1.01667,0.884872
89,47,-2.9645,3.0195
89,48,1.7196,4.8964
89,49,0,0
89,50,0,0
89,51,0,0
89,52,0,0
89,53,0,0
89,54,0,0
89,55,0,0
89,56,0,0
89,57,0,0
89,58,0,0
89,59,0,0
89,60,0,0
89,61,0,0
89,62,0,0
89,63,0,0
89,64,0,0
89,65,0,0
90,20,0,0
90,21,0,0
90,22,0,0
90,23,0,0
90,24,0,0
90,25,0,0
90,26,0,0
90,27,0,0
90,28,0.146,0.950667
90,29,-1.12234,-0.541489
90,30,-0.191489,0.421277
90,31,-1.4587,0.0976087
90,32,-2.82739,0.523261
90,33,-0.219348,2.77152
90,34,1.52889,3.87511
90,35,4.58682,4.05227
90,36,5.86864,3.83523
90,37,3.94682,1.21909
90,38,0.846279,0.653023
90,39,0.544762,1.62714
90,40,-4.15857,-2.29833
90,41,-2.52,-1.75512
90,42,0.298095,0.835
90,43,0.7025,0.42975
90,44,-0.40725,0.12875
90,45,-3.38951,-1.04683
90,46,-2.74538,1.41641
90,47,-1.58125,2.821
90,48,5.73333,5.97583
90,49,0,0
90,50,0,0
90,51,0,0
90,52,0,0
90,53,0,0
90,54,0,0
90,55,0,0
90,56,0,0
90,57,0,0
90,58,0,0
90,59,0,0
90,60,0,0
90,61,0,0
90,62,0,0
90,63,0,0
90,64,0,0
90,65,0,0
91,20,0,0
91,21,0,0
91,22,0,0
91,23,0,0
91,24,0,0
91,25,0,0
91,26,0,0
91,27,0,0
91,28,-0.22913,-0.413913
91,29,-1.22354,-0.733125
91,30,-1.07848,-0.959783
91,31,-1.7287,-0.270435
91,32,-1.88894,-0.66383
91,33,-0.394444,0.397111
91,34,4.46705,3.38159
91,35,4.16889,2.99067
91,36,7.27733,3.27178
91,37,5.37476,2.45214
91,38,0.0179545,0.259091
91,39,0.397442,1.71977
91,40,-2.61707,-0.783902
91,41,-3.29881,-3.25929
91,42,-1.11571,-0.129048
91,43,0.991,-0.0375
91,44,0.107381,1.95381
91,45,-2.63533,-0.67
91,46,-2.65875,0.2025
91,47,3.50545,1.81636
91,48,0,0
91,49,0,0
91,50,0,0
91,51,0,0
91,52,0,0
91,53,0,0
91,54,0,0
91,55,0,0
91,56,0,0
91,57,0,0
91,58,0,0
91,59,0,0
91,60,0,0
91,61,0,0
91,62,0,0
91,63,0,0
91,64,0,0
91,65,0,0
92,20,0,0
92,21,0,0
92,22,0,0
92,23,0,0
92,24,0,0
92,25,0,0
92,26,0,0
92,27,-1.13308,-1.01846
92,28,-0.468261,-0.663696
92,29,-0.657708,-1.01667
92,30,-1.44913,-0.998913
92,31,-1.35739,-0.644783
92,32,-0.76766,-0.812979
92,33,1.87,0.947273
92,34,4.14044,2.43733
92,35,4.772,2.84133
92,36,6.98568,2.61455
92,37,2.73372,0.142558
92,38,0.196364,-0.786591
92,39,-0.0465854,1.84244
92,40,-2.21119,0.234762
92,41,-3.21186,-0.496512
92,42,-0.5915,-0.7615
92,43,-0.631905,0.0140476
92,44,1.2365,3.4165
92,45,-2.00182,0.380909
92,46,0,0
92,47,0,0
92,48,0,0
92,49,0,0
92,50,0,0
92,51,0,0
92,52,0,0
92,53,0,0
92,54,0,0
92,55,0,0
92,56,0,0
92,57,0,0
92,58,0,0
92,59,0,0
92,60,0,0
92,61,0,0
92,62,0,0
92,63,0,0
92,64,0,0
92,65,0,0
93,20,0,0
93,21,0,0
93,22,0,0
93,23,0,0
93,24,0,0
93,25,0,0
93,26,0,0
93,27,-0.750345,-0.387586
93,28,-0.567917,-1.10646
93,29,-0.825652,-1.69413
93,30,-1.29917,-2.40354
93,31,-1.45396,-0.754792
93,32,-0.0715909,-0.245227
93,33,2.23622,0.582889
93,34,3.01239,1.64891
93,35,4.86326,2.86233
93,36,5.15091,3.3525
93,37,1.55227,-0.644545
93,38,-0.975366,-0.0846341
93,39,-2.31952,2.13667
93,40,-1.35711,1.01778
93,41,-2.363,-0.24475
93,42,-0.354762,0.176667
93,43,-0.59125,0.63825
93,44,1.2085,1.60125
93,45,-0.596957,0.0595652
93,46,0,0
93,47,0,0
93,48,0,0
93,49,0,0
93,50,0,0
93,51,0,0
93,52,0,0
93,53,0,0
93,54,0,0
93,55,0,0
93,56,0,0
93,57,0,0
93,58,0,0
93,59,0,0
93,60,0,0
93,61,0,0
93,62,0,0
93,63,0,0
93,64,0,0
93,65,0,0
94,20,0,0
94,21,0,0
94,22,0,0
94,23,0,0
94,24,0,0
94,25,0,0
94,26,0,0
94,27,-0.67,-0.973636
94,28,-0.118085,-0.538298
94,29,-0.644898,-3.11714
94,30,0.39087,-3.83261
94,31,-0.550444,-2.15911
94,32,0.290417,0.206667
94,33,1.16609,-0.212826
94,34,2.51419,1.40279
94,35,3.21689,2.67756
94,36,5.14578,4.12756
94,37,-1.66023,0.987907
94,38,-2.29488,2.58047
94,39,0.0717778,2.22622
94,40,-1.39538,0.264103
94,41,-1.76659,0.400244
94,42,-1.49643,0.189524
94,43,1.58073,0.727805
94,44,0.980952,0.08
94,45,-1.29,-0.547778
94,46,0,0
94,47,0,0
94,48,0,0
94,49,0,0
94,50,0,0
94,51,0,0
94,52,0,0
94,53,0,0
94,54,0,0
94,55,0,0
94,56,0,0
94,57,0,0
94,58,0,0
94,59,0,0
94,60,0,0
94,61,0,0
94,62,0,0
94,63,0,0
94,64,0,0
94,65,0,0
95,20,0,0
95,21,0,0
95,22,0,0
95,23,0,0
95,24,0,0
95,25,0,0
95,26,0,0
95,27,0,0
95,28,-0.168667,-0.725667
95,29,-0.660204,-0.991429
95,30,0.286522,-2.99261
95,31,-0.100435,-2.07891
95,32,0.14234,-0.93383
95,33,1.13909,-0.956591
95,34,3.48489,0.507556
95,35,4.46804,1.84109
95,36,5.20976,3.9622
95,37,-4.2493,1.48674
95,38,-1.93867,4.22178
95,39,1.01975,2.52175
95,40,0.256744,1.13512
95,41,-0.633182,-0.00431818
95,42,-1.04575,0.749
95,43,1.0339,-0.549024
95,44,-1.13727,-0.14697
95,45,0,0
95,46,0,0
95,47,0,0
95,48,0,0
95,49,0,0
95,50,0,0
95,51,0,0
95,52,0,0
95,53,0,0
95,54,0,0
95,55,0,0
95,56,0,0
95,57,0,0
95,58,0,0
95,59,0,0
95,60,0,0
95,61,0,0
95,62,0,0
95,63,0,0
95,64,0,0
95,65,0,0
96,20,0,0
96,21,0,0
96,22,0,0
96,23,0,0
96,24,0,0
96,25,0,0
96,26,0,0
96,27,0,0
96,28,-1.16133,-0.608
96,29,-1.10682,-0.509773
96,30,-1.8848,-2.7194
96,31,-0.240435,-1.68478
96,32,0.40186,-1.95186
96,33,1.42915,-1.04872
96,34,2.73556,-0.618
96,35,5.08744,1.10419
96,36,4.012,3.11978
96,37,-4.77727,0.511591
96,38,0.902619,2.82571
96,39,2.27977,1.46682
96,40,2.07429,1.22548
96,41,-0.323902,-0.330976
96,42,3.02071,1.37976
96,43,0.772593,0.294074
96,44,-0.41,1.74
96,45,0,0
96,46,0,0
96,47,0,0
96,48,0,0
96,49,0,0
96,50,0,0
96,51,0,0
96,52,0,0
96,53,0,0
96,54,0,0
96,55,0,0
96,56,0,0
96,57,0,0
96,58,0,0
96,59,0,0
96,60,0,0
96,61,0,0
96,62,0,0
96,63,0,0
96,64,0,0
96,65,0,0
97,20,0,0
97,21,0,0
97,22,0,0
97,23,0,0
97,24,0,0
97,25,0,0
97,26,0,0
97,27,0,0
97,28,-0.7376,-0.6968
97,29,0.0462745,-2.45275
97,30,0.110952,-3.2631
97,31,0.1594,-2.9246
97,32,0.779348,-1.93283
97,33,0.680455,-0.993182
97,34,2.83067,-0.442444
97,35,4.07022,0.481087
97,36,2.86512,2.30415
97,37,-2.72333,-0.483111
97,38,2.07405,2.21595
97,39,3.23214,1.65286
97,40,2.54071,0.682619
97,41,0.766667,-0.161905
97,42,3.08275,0.4295
97,43,1.91273,0.0754545
97,44,0,0
97,45,0,0
97,46,0,0
97,47,0,0
97,48,0,0
97,49,0,0
97,50,0,0
97,51,0,0
97,52,0,0
97,53,0,0
97,54,0,0
97,55,0,0
97,56,0,0
97,57,0,0
97,58,0,0
97,59,0,0
97,60,0,0
97,61,0,0
97,62,0,0
97,63,0,0
97,64,0,0
97,65,0,0
98,20,0,0
98,21,0,0
98,22,0,0
98,23,0,0
98,24,-0.6175,-0.537
98,25,-1.11059,-0.437353
98,26,0.245,1.005
98,27,0,0
98,28,-0.9285,-0.4775
98,29,0.328409,-2.61705
98,30,0.892264,-3.69132
98,31,0.446667,-2.45976
98,32,-0.0378261,-2.41652
98,33,0.944468,-1.18702
98,34,2.07233,-0.703953
98,35,2.93558,0.966512
98,36,1.21213,2.42043
98,37,-1.18429,1.27762
98,38,3.49209,1.20814
98,39,4.07091,0.933182
98,40,1.76875,-0.4095
98,41,-0.224318,-1.01364
98,42,1.15925,-0.06625
98,43,0.362857,0.705714
98,44,0,0
98,45,0,0
98,46,0,0
98,47,0,0
98,48,0,0
98,49,0,0
98,50,0,0
98,51,0,0
98,52,0,0
98,53,0,0
98,54,0,0
98,55,0,0
98,56,0,0
98,57,0,0
98,58,0,0
98,59,0,0
98,60,0,0
98,61,0,0
98,62,0,0
98,63,0,0
98,64,0,0
98,65,0,0
99,20,0,0
99,21,0,0
99,22,-1.764,1.266
99,23,-0.592143,0.775
99,24,-0.0865854,0.498293
99,25,0.0984615,0.218846
99,26,0.35561,0.477805
99,27,-0.114857,0.283429
99,28,0.0634783,-0.154348
99,29,0.3625,-1.87437
99,30,0.168636,-3.08432
99,31,-1.02437,-2.52354
99,32,0.358723,-3.17234
99,33,1.52976,-2.65524
99,34,1.161,-1.2938
99,35,2.28333,0.412619
99,36,1.84476,1.40048
99,37,1.50565,0.641957
99,38,4.0669,-0.0752381
99,39,3.34275,0.544
99,40,0.687391,-0.958261
99,41,0.900263,-0.814211
99,42,0.0937778,-0.336667
99,43,-0.283333,-0.626667
99,44,0,0
99,45,0,0
99,46,0,0
99,47,0,0
99,48,0,0
99,49,0,0
99,50,0,0
99,51,0,0
99,52,0,0
99,53,0,0
99,54,0,0
99,55,0,0
99,56,0,0
99,57,0,0
99,58,0,0
99,59,0,0
99,60,0,0
99,61,0,0
99,62,0,0
99,63,0,0
99,64,0,0
99,65,0,0
100,20,0,0
100,21,0,0
100,22,-1.61684,0.282368
100,23,-0.546042,0.437708
100,24,0.277647,0.6
100,25,0.48551,0.55449
100,26,0.968077,0.207115
100,27,1.04244,0.00355556
100,28,1.03878,0.0077551
100,29,0.29,-0.753333
100,30,0.501905,-2.14071
100,31,-0.0183333,-3.61688
100,32,1.40125,-2.53729
100,33,1.12,-3.79357
100,34,1.96364,-2.78045
100,35,2.26583,-0.420625
100,36,0.737857,0.573095
100,37,0.0214634,1.00951
100,38,2.7766,0.301277
100,39,2.21463,-0.103415
100,40,1.81405,-0.502143
100,41,0.642791,-2.57814
100,42,-1.36821,-1.03667
100,43,-2.45167,-0.38
100,44,0,0
100,45,0,0
100,46,0,0
100,47,0,0
100,48,0,0
100,49,0,0
100,50,0,0
100,51,0,0
100,52,0,0
100,53,0,0
100,54,0,0
100,55,0,0
100,56,0,0
100,57,0,0
100,58,0,0
100,59,0,0
100,60,0,0
100,61,0,0
100,62,0,0
100,63,0,0
100,64,0,0
100,65,0,0
101,20,0,0
101,21,-2.202,0.532
101,22,-1.72408,-0.373673
101,23,-1.207,0.7632
101,24,-0.4344,1.1008
101,25,1.14347,1.19204
101,26,0.775306,0.453673
101,27,-0.462,0.974727
101,28,0.361905,0.97
101,29,0.156744,-0.214419
101,30,1.06036,-1.85911
101,31,1.07837,-3.56884
101,32,0.711628,-3.37442
101,33,0.824583,-3.26604
101,34,1.61295,-2.43318
101,35,1.98341,-0.596818
101,36,1.84717,1.16348
101,37,2.46667,0.490769
101,38,2.69696,1.12174
101,39,3.69136,0.360455
101,40,2.5335,-0.00625
101,41,-0.06375,-0.38025
101,42,-2.94488,0.120488
101,43,-2.66375,0.01625
101,44,0,0
101,45,0,0
101,46,0,0
101,47,0,0
101,48,0,0
101,49,0,0
101,50,0,0
101,51,0,0
101,52,0,0
101,53,0,0
101,54,0,0
101,55,0,0
101,56,0,0
101,57,0,0
101,58,0,0
101,59,0,0
101,60,0,0
101,61,0,0
101,62,0,0
101,63,0,0
101,64,0,0
101,65,0,0
102,20,0,0
102,21,-3.6,0.935
102,22,-2.80857,0.458571
102,23,-1.19111,0.744815
102,24,-0.452653,1.21286
102,25,0.384906,1.30642
102,26,-0.00952381,0.794762
102,27,-1.81298,-0.513191
102,28,-1.43582,-1.22418
102,29,-0.02875,-0.534167
102,30,0.208889,-1.00933
102,31,0.124889,-1.97111
102,32,1.50238,-2.02571
102,33,0.347115,-2.56019
102,34,1.93977,-2.83295
102,35,3.40452,-1.22048
102,36,3.27625,0.1175
102,37,0.951905,-0.846667
102,38,4.05371,-0.0617143
102,39,2.00542,-0.791042
102,40,0.266667,2.56262
102,41,-0.522708,1.63208
102,42,-3.55655,0.702414
102,43,0,0
102,44,0,0
102,45,0,0
102,46,0,0
102,47,0,0
102,48,0,0
102,49,0,0
102,50,0,0
102,51,0,0
102,52,0,0
102,53,0,0
102,54,0,0
102,55,0,0
102,56,0,0
102,57,0,0
102,58,0,0
102,59,0,0
102,60,0,0
102,61,0,0
102,62,0,0
102,63,0,0
102,64,0,0
102,65,0,0
103,20,0,0
103,21,0,0
103,22,0,0
103,23,-1.47,0.763913
103,24,-0.0916327,0.699388
103,25,-0.221346,0.8625
103,26,-0.267925,0.621321
103,27,-2.14889,-0.975556
103,28,-2.31396,-0.275625
103,29,0.0954762,-1.48857
103,30,-0.182619,-1.69048
103,31,0.0443396,-1.78547
103,32,0.836735,-2.02551
103,33,1.27721,-1.71605
103,34,2.06438,-1.88771
103,35,3.26881,-1.02548
103,36,2.06705,-0.377955
103,37,2.48543,-0.938043
103,38,2.49833,-0.813571
103,39,-1.272,-1.408
103,40,-0.721389,3.24861
103,41,-0.205238,1.7031
103,42,-3.56231,0.539231
103,43,0,0
103,44,0,0
103,45,0,0
103,46,0,0
103,47,0,0
103,48,0,0
103,49,0,0
103,50,0,0
103,51,0,0
103,52,0,0
103,53,0,0
103,54,0,0
103,55,0,0
103,56,0,0
103,57,0,0
103,58,0,0
103,59,0,0
103,60,0,0
103,61,0,0
103,62,0,0
103,63,0,0
103,64,0,0
103,65,0,0
104,20,0,0
104,21,0,0
104,22,0,0
104,23,-0.545952,1.34333
104,24,-0.840612,0.394286
104,25,-1.37469,0.60898
104,26,-1.50911,0.478929
104,27,-2.86224,-1.41735
104,28,-0.439464,-1.74607
104,29,1.50918,-1.56245
104,30,1.67612,-2.29041
104,31,-0.446667,-2.9698
104,32,-0.169762,-1.98357
104,33,1.16238,-1.9731
104,34,1.67188,-1.09396
104,35,2.05143,0.369286
104,36,0.751429,1.41929
104,37,2.80979,1.23313
104,38,1.87952,2.14357
104,39,-1.655,2.32375
104,40,-0.768293,3.32488
104,41,-0.639429,2.53057
104,42,-3.60067,-0.742
104,43,0,0
104,44,0,0
104,45,0,0
104,46,0,0
104,47,0,0
104,48,0,0
104,49,0,0
104,50,0,0
104,51,0,0
104,52,0,0
104,53,0,0
104,54,0,0
104,55,0,0
104,56,0,0
104,57,0,0
104,58,0,0
104,59,0,0
104,60,0,0
104,61,0,0
104,62,0,0
104,63,0,0
104,64,0,0
104,65,0,0
105,20,0,0
105,21,0,0
105,22,0,0
105,23,-1.15895,0.585789
105,24,-1.04333,0.722857
105,25,-1.65786,0.192619
105,26,-2.24313,-2.01167
105,27,-1.39714,-3.17643
105,28,1.10771,-2.04438
105,29,1.9931,-1.33071
105,30,1.54833,-0.770238
105,31,-0.995417,-2.91854
105,32,-1.56143,-4.8469
105,33,0.689524,-2.57238
105,34,1.06667,0.25625
105,35,-0.365476,1.77357
105,36,-0.201429,3.35095
105,37,2.57563,4.93708
105,38,-1.15,4.37571
105,39,-1.96313,3.74271
105,40,-2.65024,2.49857
105,41,-0.505476,3.8469
105,42,-3.25818,-1.82545
105,43,0,0
105,44,0,0
105,45,0,0
105,46,0,0
105,47,0,0
105,48,0,0
105,49,0,0
105,50,0,0
105,51,0,0
105,52,0,0
105,53,0,0
105,54,0,0
105,55,0,0
105,56,0,0
105,57,0,0
105,58,0,0
105,59,0,0
105,60,0,0
105,61,0,0
105,62,0,0
105,63,0,0
105,64,0,0
105,65,0,0
106,20,0,0
106,21,0,0
106,22,0,0
106,23,-1.823,-1.82033
106,24,-1.06102,0.112245
106,25,-1.77469,-0.115714
106,26,-2.42,-1.66071
106,27,-1.11286,-3.46551
106,28,1.73214,-2.46929
106,29,1.63245,-0.670612
106,30,0.338298,-0.395319
106,31,0.456667,-0.722083
106,32,-1.39643,-3.76476
106,33,-0.662857,-4.05738
106,34,-0.709167,-1.33
106,35,-1.3831,1.585
106,36,0.702143,3.59929
106,37,0.4025,5.67063
106,38,-1.04881,2.50071
106,39,-0.293125,4.24562
106,40,-3.25108,-1.18514
106,41,-3.17143,5.24314
106,42,-0.754286,-0.162857
106,43,0,0
106,44,0,0
106,45,0,0
106,46,0,0
106,47,0,0
106,48,0,0
106,49,0,0
106,50,0,0
106,51,0,0
106,52,0,0
106,53,0,0
106,54,0,0
106,55,0,0
106,56,0,0
106,57,0,0
106,58,0,0
106,59,0,0
106,60,0,0
106,61,0,0
106,62,0,0
106,63,0,0
106,64,0,0
106,65,0,0
107,20,0,0
107,21,0,0
107,22,-2.30154,-2.61615
107,23,-1.64367,-3.46612
107,24,-1.86857,-2.13102
107,25,-2.2875,-1.43577
107,26,-2.56566,-1.85019
107,27,-1.39238,-1.38262
107,28,-1.30646,-0.799167
107,29,-1.0831,1.19929
107,30,0.145682,0.441591
107,31,-0.245,0.556786
107,32,-3.15021,-0.771875
107,33,-1.53857,-1.51024
107,34,-0.921667,-1.09854
107,35,-0.233571,-0.525238
107,36,-0.312273,1.79455
107,37,-0.623696,5.09239
107,38,-0.757179,5.71385
107,39,-0.458,4.0325
107,40,-0.98,3.2395
107,41,-1.43238,-0.19619
107,42,0.059,5.53275
107,43,0,0
107,44,0,0
107,45,0,0
107,46,0,0
107,47,0,0
107,48,0,0
107,49,0,0
107,50,0,0
107,51,0,0
107,52,0,0
107,53,0,0
107,54,0,0
107,55,0,0
107,56,0,0
107,57,0,0
107,58,0,0
107,59,0,0
107,60,0,0
107,61,0,0
107,62,0,0
107,63,0,0
107,64,0,0
107,65,0,0
108,20,0,0
108,21,0,0
108,22,-1.066,-4.49333
108,23,-2.24232,-4.30536
108,24,-2.90735,-4.14612
108,25,-2.31706,-3.49431
108,26,-2.59143,-2.85119
108,27,-2.5154,-1.4482
108,28,-2.45564,-1.20473
108,29,-1.84152,-0.57087
108,30,-0.354667,1.95356
108,31,-1.846,1.01467
108,32,-3.18,0.0806977
108,33,-2.47471,-0.464118
108,34,-0.174091,-1.00227
108,35,-1.10976,-0.719286
108,36,-1.37833,0.887708
108,37,-0.546585,2.85098
108,38,0.0689474,3.46026
108,39,-1.17875,4.85417
108,40,-0.045,5.45262
108,41,-1.86468,1.08894
108,42,0.844688,7.29406
108,43,0,0
108,44,0,0
108,45,0,0
108,46,0,0
108,47,0,0
108,48,0,0
108,49,0,0
108,50,0,0
108,51,0,0
108,52,0,0
108,53,0,0
108,54,0,0
108,55,0,0
108,56,0,0
108,57,0,0
108,58,0,0
108,59,0,0
108,60,0,0
108,61,0,0
108,62,0,0
108,63,0,0
108,64,0,0
108,65,0,0
109,18,-1.53714,-3.36429
109,19,-1.89825,-3.23875
109,20,-0.94,-1.3825
109,21,0,0
109,22,-2.11667,-5.37646
109,23,-2.1972,-4.707
109,24,-2.63104,-5.415
109,25,-2.32471,-4.76941
109,26,-1.99571,-4.58245
109,27,-1.85315,-2.98741
109,28,-2.86643,-2.30452
109,29,-1.72733,-1.87156
109,30,-0.571455,1.00764
109,31,-3.16095,0.560714
109,32,-2.78349,1.11465
109,33,-3.105,-0.7172
109,34,0.305814,-1.04953
109,35,-1.55614,-2.47864
109,36,-0.512609,-0.27087
109,37,-0.342895,0.817368
109,38,-0.441087,2.18
109,39,-1.53045,2.95932
109,40,-1.11,5.00026
109,41,-3.4861,3.97951
109,42,1.1119,7.03619
109,43,0,0
109,44,0,0
109,45,0,0
109,46,0,0
109,47,0,0
109,48,0,0
109,49,0,0
109,50,0,0
109,51,0,0
109,52,0,0
109,53,0,0
109,54,0,0
109,55,0,0
109,56,0,0
109,57,0,0
109,58,0,0
109,59,0,0
109,60,0,0
109,61,0,0
109,62,0,0
109,63,0,0
109,64,0,0
109,65,0,0
110,18,-0.798333,-3.59667
110,19,-0.00346939,-4.30408
110,20,-0.320278,-2.39222
110,21,-2.08032,-3.60161
110,22,-2.44226,-5.15906
110,23,-3.07735,-4.30673
110,24,-3.68231,-4.7075
110,25,-3.76959,-4.71265
110,26,-3.4518,-4.1586
110,27,-2.42217,-2.65978
110,28,-2.33837,-3.11061
110,29,-2.0204,-3.092
110,30,-1.35884,-0.228605
110,31,-2.92604,0.750417
110,32,-1.15208,0.363958
110,33,-2.92905,-0.379524
110,34,-1.87795,-0.578636
110,35,-2.11312,-1.9475
110,36,-0.510476,-0.117381
110,37,-0.374048,0.385952
110,38,-1.03426,1.45574
110,39,-0.83125,1.83325
110,40,-2.07419,2.71814
110,41,-1.50395,4.27535
110,42,2.12447,5.27974
110,43,0.38,3.365
110,44,0,0
110,45,0,0
110,46,0,0
110,47,0,0
110,48,0,0
110,49,0,0
110,50,0,0
110,51,0,0
110,52,0,0
110,53,0,0
110,54,0,0
110,55,0,0
110,56,0,0
110,57,0,0
110,58,0,0
110,59,0,0
110,60,0,0
110,61,0,0
110,62,0,0
110,63,0,0
110,64,0,0
110,65,0,0
111,19,0.254,-4.726
111,20,-0.501818,-4.45091
111,21,-2.7825,-4.08375
111,22,-3.41102,-5.07061
111,23,-2.75731,-3.26115
111,24,-3.2634,-5.778
111,25,-4.02412,-5.98451
111,26,-3.42898,-4.68694
111,27,-2.11204,-3.19694
111,28,-2.73702,-3.15298
111,29,-2.28551,-3.34857
111,30,-1.64628,-2.11791
111,31,-1.29571,-0.586122
111,32,-1.55326,0.24913
111,33,-1.98714,-0.595714
111,34,-2.1104,-0.9128
111,35,-2.86857,-0.303333
111,36,-3.07976,-1.73244
111,37,-4.6334,0.967872
111,38,-3.46833,2.71548
111,39,-1.08875,3.43625
111,40,-1.19391,1.23109
111,41,-0.0121622,2.58081
111,42,1.48283,4.40109
111,43,-1.429,2.12433
111,44,0,0
111,45,0,0
111,46,0,0
111,47,0,0
111,48,0,0
111,49,0,0
111,50,0,0
111,51,0,0
111,52,0,0
111,53,0,0
111,54,0,0
111,55,0,0
111,56,0,0
111,57,0,0
111,58,0,0
111,59,0,0
111,60,0,0
111,61,0,0
111,62,0,0
111,63,0,0
111,64,0,0
111,65,0,0
112,20,0,0
112,21,0,0
112,22,-2.43667,-6.88714
112,23,-3.10898,-4.5251
112,24,-3.05453,-4.92717
112,25,-2.95896,-6.20521
112,26,-2.1914,-4.6258
112,27,-2.01354,-4.01
112,28,-1.3272,-3.0814
112,29,-2.48558,-2.04744
112,30,-2.45491,-1.88774
112,31,-1.32738,-1.17333
112,32,-0.91087,-0.644783
112,33,-3.24404,-1.03532
112,34,-1.29818,-1.17886
112,35,-3.73721,-0.665116
112,36,-4.9683,-0.95766
112,37,-4.03381,-1.7019
112,38,-4.32952,-0.530476
112,39,-2.97133,4.29089
112,40,-1.91179,3.73718
112,41,-0.375111,2.82244
112,42,1.39897,4.37103
112,43,-1.52951,3.04976
112,44,-2.50258,4.12387
112,45,-0.2785,7.0275
112,46,0,0
112,47,0,0
112,48,0,0
112,49,0,0
112,50,0,0
112,51,0,0
112,52,0,0
112,53,0,0
112,54,0,0
112,55,0,0
112,56,0,0
112,57,0,0
112,58,0,0
112,59,0,0
112,60,0,0
112,61,0,0
112,62,0,0
112,63,0,0
112,64,0,0
112,65,0,0
113,20,0,0
113,21,0,0
113,22,-2.66786,-6.69786
113,23,-2.73615,-6.08904
113,24,-3.18224,-5.80082
113,25,-2.039,-4.9334
113,26,-1.61163,-4.43918
113,27,-3.17531,-3.96204
113,28,-2.82109,-2.31239
113,29,-3.5498,-1.39804
113,30,-4.03372,-0.784186
113,31,-2.48551,-0.192653
113,32,-2.94404,-0.0789362
113,33,-3.58093,0.00372093
113,34,-3.04111,-2.11111
113,35,-5.8013,-1.35109
113,36,-5.54439,-2.42585
113,37,-5.24511,-1.10867
113,38,-6.14163,-0.195581
113,39,-2.87048,3.2831
113,40,-0.736667,2.51667
113,41,0.665238,3.03143
113,42,0.795366,4.01
113,43,-1.86463,2.42927
113,44,-2.03167,3.31714
113,45,-0.642143,6.34429
113,46,0,0
113,47,0,0
113,48,0,0
113,49,0,0
113,50,0,0
113,51,0,0
113,52,0,0
113,53,0,0
113,54,0,0
113,55,0,0
113,56,0,0
113,57,0,0
113,58,0,0
113,59,0,0
113,60,0,0
113,61,0,0
113,62,0,0
113,63,0,0
113,64,0,0
113,65,0,0
114,20,0,0
114,21,0,0
114,22,-3.33,-6.21333
114,23,-3.51891,-5.88761
114,24,-3.71235,-6.52647
114,25,-3.45,-5.86157
114,26,-2.99229,-4.90583
114,27,-4.67327,-3.77776
114,28,-5.1049,-2.67367
114,29,-4.82067,-1.85356
114,30,-4.50306,-0.216531
114,31,-2.58565,0.100217
114,32,-3.28116,-0.55
114,33,-4.30875,1.64479
114,34,-2.68044,-0.246222
114,35,-3.22209,-6.10674
114,36,-0.907556,-8.76511
114,37,-1.99386,-7.73932
114,38,-3.26634,-3.14488
114,39,-2.62744,0.212093
114,40,-1.21512,3.08767
114,41,-0.6345,2.18975
114,42,0.289524,4.05167
114,43,-1.47512,2.64171
114,44,-1.46675,3.47975
114,45,0.266842,4.25474
114,46,0,0
114,47,0,0
114,48,0,0
114,49,0,0
114,50,0,0
114,51,0,0
114,52,0,0
114,53,0,0
114,54,0,0
114,55,0,0
114,56,0,0
114,57,0,0
114,58,0,0
114,59,0,0
114,60,0,0
114,61,0,0
114,62,0,0
114,63,0,0
114,64,0,0
114,65,0,0
115,20,0,0
115,21,0,0
115,22,0,0
115,23,-3.08024,-5.69262
115,24,-2.41479,-6.86813
115,25,-1.41327,-6.32673
115,26,-1.15098,-5.46569
115,27,-2.25125,-4.98792
115,28,-3.65702,-4.80234
115,29,-4.40208,-2.86354
115,30,-4.8713,-0.410435
115,31,-4.00702,-0.0476596
115,32,-4.91043,0.83383
115,33,-4.44273,2.28182
115,34,-2.57911,1.95667
115,35,0.162826,-2.31326
115,36,-0.233095,-6.0619
115,37,-2.27349,-7.75302
115,38,-4.86435,-6.14609
115,39,-4.9245,-3.32075
115,40,-0.973571,0.844286
115,41,-1.48,1.42795
115,42,0.3295,3.61975
115,43,-0.40325,3.233
115,44,-0.569744,3.57744
115,45,3.36297,4.23703
115,46,0,0
115,47,0,0
115,48,0,0
115,49,0,0
115,50,0,0
115,51,0,0
115,52,0,0
115,53,0,0
115,54,0,0
115,55,0,0
115,56,0,0
115,57,0,0
115,58,0,0
115,59,0,0
115,60,0,0
115,61,0,0
115,62,0,0
115,63,0,0
115,64,0,0
115,65,0,0
116,20,0,0
116,21,0,0
116,22,0,0
116,23,-4.19267,-6.51533
116,24,-2.22333,-5.50611
116,25,-1.81574,-5.82426
116,26,-3.283,-4.8924
116,27,-3.15479,-4.04542
116,28,-3.71271,-4.16958
116,29,-3.853,-4.0574
116,30,-4.9517,-3.79638
116,31,-5.64591,-1.29795
116,32,-4.56085,1.9566
116,33,-3.814,2.03356
116,34,-2.6507,2.09674
116,35,-1.19822,1.65733
116,36,-2.23667,-1.17044
116,37,-5.47881,-4.5619
116,38,-7.18476,-5.97643
116,39,-5.92957,-4.3613
116,40,-2.80487,-1.06769
116,41,-0.634286,-0.228333
116,42,0.611429,2.10476
116,43,0.337073,2.79537
116,44,0.709302,3.66744
116,45,2.515,4.56722
116,46,2.078,5.788
116,47,0,0
116,48,3.96478,5.53826
116,49,4.14214,5.62929
116,50,0,0
116,51,0,0
116,52,0,0
116,53,0,0
116,54,0,0
116,55,0,0
116,56,0,0
116,57,0,0
116,58,0,0
116,59,0,0
116,60,0,0
116,61,0,0
116,62,0,0
116,63,0,0
116,64,0,0
116,65,0,0
117,20,0,0
117,21,0,0
117,22,0,0
117,23,-5.45429,-7.89714
117,24,-5.18953,-7.41372
117,25,-3.81154,-5.1425
117,26,-3.91082,-4.21469
117,27,-3.58857,-3.05429
117,28,-4.62729,-3.21229
117,29,-5.15667,-3.10111
117,30,-4.75,-2.62729
117,31,-4.33604,-1.88021
117,32,-4.59364,0.456591
117,33,-4.15739,1.14848
117,34,-3.1913,2.07065
117,35,-2.21024,2.65333
117,36,-2.49409,-0.0461364
117,37,-5.46568,-3.08909
117,38,-7.91167,-5.45548
117,39,-6.71976,-4.84707
117,40,-4.26478,-2.07717
117,41,-1.319,-1.64625
117,42,-0.0202439,0.707317
117,43,0.928293,2.09537
117,44,1.57513,3.13872
117,45,2.63048,4.09595
117,46,3.42424,5.56152
117,47,0,0
117,48,3.45926,5.9763
117,49,3.88079,5.62579
117,50,3.835,5.69
117,51,0,0
117,52,0,0
117,53,0,0
117,54,0,0
117,55,0,0
117,56,0,0
117,57,0,0
117,58,0,0
117,59,0,0
117,60,0,0
117,61,0,0
117,62,0,0
117,63,0,0
117,64,0,0
117,65,0,0
118,20,0,0
118,21,0,0
118,22,0,0
118,23,0,0
118,24,-5.00933,-9.62333
118,25,-4.94646,-7.57833
118,26,-4.50224,-4.21735
118,27,-2.73167,-3.34917
118,28,-4.73417,-3.49312
118,29,-6.54188,-3.34458
118,30,-5.37587,-1.34478
118,31,-5.14106,-0.87383
118,32,-4.85833,-0.704583
118,33,-4.1993,0.555349
118,34,-3.48267,1.45733
118,35,-2.134,1.352
118,36,-1.91442,-0.642093
118,37,-4.25091,-2.80477
118,38,-7.88258,-5.21355
118,39,-6.94722,-5.34111
118,40,-5.02976,-4.24805
118,41,-2.73857,-2.33952
118,42,-0.97725,-0.67425
118,43,1.20667,0.756905
118,44,0.808049,1.34171
118,45,2.77875,3.57325
118,46,3.83525,4.33625
118,47,4.05,4.61
118,48,3.32368,6.16579
118,49,3.47769,5.97462
118,50,3.62167,5.28
118,51,0,0
118,52,0,0
118,53,0,0
118,54,0,0
118,55,0,0
118,56,0,0
118,57,0,0
118,58,0,0
118,59,0,0
118,60,0,0
118,61,0,0
118,62,0,0
118,63,0,0
118,64,0,0
118,65,0,0
119,20,0,0
119,21,0,0
119,22,0,0
119,23,0,0
119,24,0,0
119,25,-7.0205,-11.467
119,26,-5.58064,-6.97191
119,27,-5.58939,-3.77306
119,28,-6.08854,-3.12458
119,29,-5.54417,-3.09813
119,30,-5.19522,-2.28587
119,31,-5.08065,-0.660217
119,32,-4.99304,-1.14804
119,33,-4.07733,-0.250889
119,34,-3.15864,0.524091
119,35,-1.85154,1.44462
119,36,-0.777111,0.233333
119,37,-3.81,-3.20294
119,38,-7.66111,-5.52
119,39,-7.635,-7.289
119,40,-5.40821,-6.00436
119,41,-3.03279,-5.09651
119,42,-0.326429,-2.15119
119,43,0.838205,0.431795
119,44,1.54929,0.668333
119,45,3.39579,2.35079
119,46,4.16881,3.12952
119,47,4.12143,3.68286
119,48,3.9275,5.26312
119,49,4.33405,5.42
119,50,3.89917,5.21833
119,51,3.64,4.895
119,52,0,0
119,53,0,0
119,54,0,0
119,55,0,0
119,56,0,0
119,57,0,0
119,58,0,0
119,59,0,0
119,60,0,0
119,61,0,0
119,62,0,0
119,63,0,0
119,64,0,0
119,65,0,0
120,20,0,0
120,21,0,0
120,22,0,0
120,23,1.44938,-4.0175
120,24,-0.718571,-9.09571
120,25,-8.845,-13.305
120,26,-5.70111,-10.9222
120,27,-3.90727,-6.83
120,28,-3.73417,-3.82896
120,29,-3.96562,-3.45021
120,30,-3.6017,-3.30872
120,31,-4.28196,-2.23587
120,32,-4.62022,-2.63783
120,33,-3.89,-1.67761
120,34,-2.73026,-0.561538
120,35,-1.76,0.77
120,36,-1.793,0.970333
120,37,-3.71111,-1.49472
120,38,-6.065,-3.8
120,39,0,0
120,40,-3.59235,-7.94
120,41,-2.35122,-5.74049
120,42,-0.807857,-3.78881
120,43,0.5345,-1.39575
120,44,1.833,-0.0205
120,45,3.9219,1.05857
120,46,5.26641,1.52718
120,47,5.57875,1.91344
120,48,4.97079,3.94763
120,49,4.71513,4.41282
120,50,4.40897,4.41615
120,51,4.42344,4.56656
120,52,4.87,5.01
120,53,4.465,4.46
120,54,0,0
120,55,0,0
120,56,0,0
120,57,0,0
120,58,0,0
120,59,0,0
120,60,0,0
120,61,0,0
120,62,0,0
120,63,0,0
120,64,0,0
120,65,0,0
121,20,0,0
121,21,0,0
121,22,-9.79833,-11.8417
121,23,-4.57,-6.88805
121,24,-4.59041,-2.37143
121,25,-10.4761,-3.93722
121,26,0,0
121,27,-2.12,-8.11
121,28,-3.29231,-7.11423
121,29,-3.615,-5.13913
121,30,-3.64231,-4.04949
121,31,-4.26923,-3.84974
121,32,-4.23436,-3.74308
121,33,-3.83188,-2.97375
121,34,-3.22,-1.53
121,35,0,0
121,36,-2.25667,-0.18
121,37,-2.45342,-3.10053
121,38,-4.39,-3.969
121,39,-3.972,-9.594
121,40,-5.165,-10.76
121,41,-2.2229,-6.7371
121,42,-0.962619,-5.31429
121,43,0.380976,-2.62878
121,44,1.91075,-0.97075
121,45,3.90625,0.247
121,46,4.90333,0.895385
121,47,5.316,1.15425
121,48,6.3059,1.51333
121,49,5.81692,2.88103
121,50,5.565,3.14711
121,51,5.6973,3.7127
121,52,5.44382,4.06676
121,53,5.25036,4.87571
121,54,0,0
121,55,0,0
121,56,0,0
121,57,0,0
121,58,0,0
121,59,0,0
121,60,0,0
121,61,0,0
121,62,0,0
121,63,0,0
121,64,0,0
121,65,0,0
122,20,0,0
122,21,0,0
122,22,0,0
122,23,0,0
122,24,-2.17,-4.42429
122,25,-7.35643,-5.03357
122,26,0,0
122,27,0,0
122,28,-4.18,-8.43
122,29,-3.06,-6.929
122,30,-3.87941,-5.79412
122,31,-4.94625,-4.58
122,32,-4.78,-4.42
122,33,0,0
122,34,0,0
122,35,0,0
122,36,0,0
122,37,-1.58348,-4.23478
122,38,0,0
122,39,-1.70917,-7.61333
122,40,-2.42,-8.9037
122,41,-2.67742,-7.66387
122,42,-1.30878,-6.11146
122,43,0.305,-3.98976
122,44,1.79927,-2.06537
122,45,3.559,-0.31075
122,46,4.45875,0.815
122,47,4.86325,0.9645
122,48,5.39154,0.723846
122,49,6.36846,0.948974
122,50,6.98921,1.78316
122,51,6.82051,2.38462
122,52,5.90676,3.37378
122,53,5.56735,3.89265
122,54,0,0
122,55,0,0
122,56,0,0
122,57,0,0
122,58,0,0
122,59,0,0
122,60,0,0
122,61,0,0
122,62,0,0
122,63,0,0
122,64,0,0
122,65,0,0
123,20,0,0
123,21,0,0
123,22,0,0
123,23,0,0
123,24,0,0
123,25,0,0
123,26,0,0
123,27,0,0
123,28,0,0
123,29,0,0
123,30,0,0
123,31,0,0
123,32,0,0
123,33,0,0
123,34,0,0
123,35,0,0
123,36,0,0
123,37,-0.745,-4.94
123,38,0,0
123,39,-2.02,-9.8
123,40,-0.815,-8.71972
123,41,-1.92048,-7.80119
123,42,-1.589,-6.57675
123,43,0.197073,-4.88195
123,44,1.65775,-2.83225
123,45,3.25675,-1.36475
123,46,4.34575,0.032
123,47,4.60051,0.917436
123,48,4.37103,1.03821
123,49,5.19256,0.587949
123,50,6.35079,0.509474
123,51,6.83462,0.994103
123,52,6.89378,2.07027
123,53,5.51316,2.67211
123,54,4.98,2.1
123,55,0,0
123,56,0,0
123,57,0,0
123,58,0,0
123,59,0,0
123,60,0,0
123,61,0,0
123,62,0,0
123,63,0,0
123,64,0,0
123,65,0,0
124,20,0,0
124,21,0,0
124,22,0,0
124,23,0,0
124,24,0,0
124,25,0,0
124,26,0,0
124,27,0,0
124,28,0,0
124,29,0,0
124,30,0,0
124,31,0,0
124,32,0,0
124,33,0,0
124,34,0,0
124,35,0,0
124,36,0,0
124,37,0,0
124,38,0,0
124,39,0,0
124,40,-0.351538,-8.45808
124,41,-0.700244,-7.63854
124,42,-1.2819,-6.12524
124,43,0.339512,-5.04463
124,44,2.1065,-3.77025
124,45,3.30561,-2.3278
124,46,4.355,-1.10675
124,47,4.54231,0.074359
124,48,4.55359,0.709744
124,49,4.65632,0.744211
124,50,5.18775,0.53175
124,51,5.6175,0.603056
124,52,5.95513,1.06564
124,53,4.98571,1.42514
124,54,0,0
124,55,0,0
124,56,0,0
124,57,0,0
124,58,0,0
124,59,0,0
124,60,0,0
124,61,0,0
124,62,0,0
124,63,0,0
124,64,0,0
124,65,0,0
125,20,0,0
125,21,0,0
125,22,0,0
125,23,0,0
125,24,0,0
125,25,0,0
125,26,0,0
125,27,0,0
125,28,0,0
125,29,0,0
125,30,0,0
125,31,0,0
125,32,0,0
125,33,0,0
125,34,0,0
125,35,0,0
125,36,0,0
125,37,0,0
125,38,0,0
125,39,0,0
125,40,-1.66,-7.75
125,41,-1.08538,-7.25308
125,42,-0.779756,-5.47341
125,43,0.797073,-4.61439
125,44,2.51805,-3.86366
125,45,3.87026,-2.76282
125,46,4.53975,-2.09725
125,47,4.87436,-0.914872
125,48,4.90875,-0.07775
125,49,5.10923,0.392821
125,50,5.17605,0.646842
125,51,5.26053,0.817632
125,52,5.10595,0.617838
125,53,4.4632,0.8156
125,54,0,0
125,55,0,0
125,56,0,0
125,57,0,0
125,58,0,0
125,59,0,0
125,60,0,0
125,61,0,0
125,62,0,0
125,63,0,0
125,64,0,0
125,65,0,0
126,20,0,0
126,21,0,0
126,22,0,0
126,23,0,0
126,24,0,0
126,25,0,0
126,26,0,0
126,27,0,0
126,28,0,0
126,29,0,0
126,30,0,0
126,31,0,0
126,32,0,0
126,33,0,0
126,34,0,0
126,35,0,0
126,36,0,0
126,37,0,0
126,38,0,0
126,39,0,0
126,40,0,0
126,41,-0.339524,-6.8381
126,42,0.458837,-5.55209
126,43,1.87825,-4.40925
126,44,3.095,-3.62375
126,45,4.36795,-2.99231
126,46,4.85659,-2.47707
126,47,5.25425,-1.72175
126,48,5.55462,-0.936154
126,49,5.48921,-0.167105
126,50,5.5773,0.626216
126,51,5.31282,0.924103
126,52,4.78541,0.35027
126,53,4.399,0.382
126,54,0,0
126,55,0,0
126,56,0,0
126,57,0,0
126,58,0,0
126,59,0,0
126,60,0,0
126,61,0,0
126,62,0,0
126,63,0,0
126,64,0,0
126,65,0,0
127,20,0,0
127,21,0,0
127,22,0,0
127,23,0,0
127,24,0,0
127,25,0,0
127,26,0,0
127,27,0,0
127,28,0,0
127,29,0,0
127,30,0,0
127,31,0,0
127,32,0,0
127,33,0,0
127,34,0,0
127,35,0,0
127,36,0,0
127,37,0,0
127,38,0,0
127,39,0,0
127,40,0,0
127,41,0,0
127,42,1.55194,-4.37278
127,43,2.70561,-3.6639
127,44,3.68575,-3.18
127,45,4.51833,-2.83119
127,46,4.93462,-2.47179
127,47,5.195,-2.30975
127,48,5.20632,-1.52395
127,49,5.77718,-0.575128
127,50,6.28974,-0.35
127,51,5.78273,0.0177273
127,52,5.04333,0.17
127,53,0,0
127,54,0,0
127,55,0,0
127,56,0,0
127,57,0,0
127,58,0,0
127,59,0,0
127,60,0,0
127,61,0,0
127,62,0,0
127,63,0,0
127,64,0,0
127,65,0,0
128,20,0,0
128,21,0,0
128,22,0,0
128,23,0,0
128,24,0,0
128,25,0,0
128,26,0,0
128,27,0,0
128,28,0,0
128,29,0,0
128,30,0,0
128,31,0,0
128,32,0,0
128,33,0,0
128,34,0,0
128,35,0,0
128,36,0,0
128,37,0,0
128,38,0,0
128,39,0,0
128,40,0,0
128,41,4.07333,-2.56667
128,42,4.00735,-2.92088
128,43,4.9455,-2.9565
128,44,5.40512,-3.09585
128,45,5.20225,-1.7605
128,46,5.68,-2.58462
128,47,5.00925,-2.21625
128,48,5.49487,-1.82769
128,49,5.83231,-0.959487
128,50,5.638,-0.51
128,51,0,0
128,52,0,0
128,53,0,0
128,54,0,0
128,55,0,0
128,56,0,0
128,57,0,0
128,58,0,0
128,59,0,0
128,60,0,0
128,61,0,0
128,62,0,0
128,63,0,0
128,64,0,0
128,65,0,0
129,20,0,0
129,21,0,0
129,22,0,0
129,23,0,0
129,24,0,0
129,25,0,0
129,26,0,0
129,27,0,0
129,28,0,0
129,29,0,0
129,30,0,0
129,31,0,0
129,32,0,0
129,33,0,0
129,34,0,0
129,35,0,0
129,36,0,0
129,37,0,0
129,38,0,0
129,39,0,0
129,40,0,0
129,41,0,0
129,42,7.15667,-2.7475
129,43,7.32561,-3.20732
129,44,5.63195,-3.08
129,45,7.08725,-2.8705
129,46,6.13667,-1.49821
129,47,6.279,-2.572
129,48,5.89564,-2.3041
129,49,6.12081,-1.73351
129,50,6.78,-1.425
129,51,0,0
129,52,0,0
129,53,0,0
129,54,0,0
129,55,0,0
129,56,0,0
129,57,0,0
129,58,0,0
129,59,0,0
129,60,0,0
129,61,0,0
129,62,0,0
129,63,0,0
129,64,0,0
129,65,0,0
130,20,0,0
130,21,0,0
130,22,0,0
130,23,0,0
130,24,0,0
130,25,0,0
130,26,0,0
130,27,0,0
130,28,0,0
130,29,0,0
130,30,0,0
130,31,0,0
130,32,0,0
130,33,0,0
130,34,0,0
130,35,0,0
130,36,0,0
130,37,0,0
130,38,0,0
130,39,0,0
130,40,0,0
130,41,0,0
130,42,0,0
130,43,6.98697,-5.09818
130,44,6.91902,-4.22049
130,45,6.29718,-2.9659
130,46,6.73659,-2.34976
130,47,6.35897,-2.89692
130,48,6.96263,-3.65395
130,49,6.69762,-2.93048
130,50,0,0
130,51,0,0
130,52,0,0
130,53,0,0
130,54,0,0
130,55,0,0
130,56,0,0
130,57,0,0
130,58,0,0
130,59,0,0
130,60,0,0
130,61,0,0
130,62,0,0
130,63,0,0
130,64,0,0
130,65,0,0
131,20,0,0
131,21,0,0
131,22,0,0
131,23,0,0
131,24,0,0
131,25,0,0
131,26,0,0
131,27,0,0
131,28,0,0
131,29,0,0
131,30,0,0
131,31,0,0
131,32,0,0
131,33,0,0
131,34,0,0
131,35,0,0
131,36,0,0
131,37,0,0
131,38,0,0
131,39,0,0
131,40,0,0
131,41,0,0
131,42,7.13,-5.32
131,43,7.184,-5.7845
131,44,7.51724,-3.99862
131,45,7.24212,-3.82273
131,46,7.0955,-3.633
131,47,6.991,-3.1985
131,48,6.84111,-4.28667
131,49,0,0
131,50,0,0
131,51,0,0
131,52,0,0
131,53,0,0
131,54,0,0
131,55,0,0
131,56,0,0
131,57,0,0
131,58,0,0
131,59,0,0
131,60,0,0
131,61,0,0
131,62,0,0
131,63,0,0
131,64,0,0
131,65,0,0
132,20,0,0
132,21,0,0
132,22,0,0
132,23,0,0
132,24,0,0
132,25,0,0
132,26,0,0
132,27,0,0
132,28,0,0
132,29,0,0
132,30,0,0
132,31,0,0
132,32,0,0
132,33,0,0
132,34,0,0
132,35,0,0
132,36,0,0
132,37,0,0
132,38,0,0
132,39,0,0
132,40,0,0
132,41,0,0
132,42,0,0
132,43,0,0
132,44,0,0
132,45,7.64091,-4.81364
132,46,7.54553,-4.47789
132,47,7.65805,-3.88634
132,48,7.37286,-3.87143
132,49,0,0
132,50,0,0
132,51,0,0
132,52,0,0
132,53,0,0
132,54,0,0
132,55,0,0
132,56,0,0
132,57,0,0
132,58,0,0
132,59,0,0
132,60,0,0
132,61,0,0
132,62,0,0
132,63,0,0
132,64,0,0
132,65,0,0
133,20,0,0
133,21,0,0
133,22,0,0
133,23,0,0
133,24,0,0
133,25,0,0
133,26,0,0
133,27,0,0
133,28,0,0
133,29,0,0
133,30,0,0
133,31,0,0
133,32,0,0
133,33,0,0
133,34,0,0
133,35,0,0
133,36,0,0
133,37,0,0
133,38,0,0
133,39,0,0
133,40,0,0
133,41,0,0
133,42,0,0
133,43,0,0
133,44,0,0
133,45,7.315,-5.69
133,46,7.48744,-4.90897
133,47,7.54846,-3.74462
133,48,8.09684,-3.31526
133,49,0,0
133,50,0,0
133,51,0,0
133,52,0,0
133,53,0,0
133,54,0,0
133,55,0,0
133,56,0,0
133,57,0,0
133,58,0,0
133,59,0,0
133,60,0,0
133,61,0,0
133,62,0,0
133,63,0,0
133,64,0,0
133,65,0,0
134,20,0,0
134,21,0,0
134,22,0,0
134,23,0,0
134,24,0,0
134,25,0,0
134,26,0,0
134,27,0,0
134,28,0,0
134,29,0,0
134,30,0,0
134,31,0,0
134,32,0,0
134,33,0,0
134,34,0,0
134,35,0,0
134,36,0,0
134,37,0,0
134,38,0,0
134,39,0,0
134,40,0,0
134,41,0,0
134,42,0,0
134,43,0,0
134,44,0,0
134,45,0,0
134,46,7.0075,-4.0725
134,47,8.23708,-3.31375
134,48,8.37333,-2.67433
134,49,0,0
134,50,0,0
134,51,0,0
134,52,0,0
134,53,0,0
134,54,0,0
134,55,0,0
134,56,0,0
134,57,0,0
134,58,0,0
134,59,0,0
134,60,0,0
134,61,0,0
134,62,0,0
134,63,0,0
134,64,0,0
134,65,0,0
135,20,0,0
135,21,0,0
135,22,0,0
135,23,0,0
135,24,0,0
135,25,0,0
135,26,0,0
135,27,0,0
135,28,0,0
135,29,0,0
135,30,0,0
135,31,0,0
135,32,0,0
135,33,0,0
135,34,0,0
135,35,0,0
135,36,0,0
135,37,0,0
135,38,0,0
135,39,0,0
135,40,0,0
135,41,0,0
135,42,0,0
135,43,0,0
135,44,0,0
135,45,0,0
135,46,0,0
135,47,0,0
135,48,8.63429,-2.20286
135,49,0,0
135,50,0,0
135,51,0,0
135,52,0,0
135,53,0,0
135,54,0,0
135,55,0,0
135,56,0,0
135,57,0,0
135,58,0,0
135,59,0,0
135,60,0,0
135,61,0,0
135,62,0,0
135,63,0,0
135,64,0,0
135,65,0,0
136,20,0,0
136,21,0,0
136,22,0,0
136,23,0,0
136,24,0,0
136,25,0,0
136,26,0,0
136,27,0,0
136,28,0,0
136,29,0,0
136,30,0,0
136,31,0,0
136,32,0,0
136,33,0,0
136,34,0,0
136,35,0,0
136,36,0,0
136,37,0,0
136,38,0,0
136,39,0,0
136,40,0,0
136,41,0,0
136,42,0,0
136,43,0,0
136,44,0,0
136,45,0,0
136,46,0,0
136,47,0,0
136,48,0,0
136,49,0,0
136,50,0,0
136,51,0,0
136,52,0,0
136,53,0,0
136,54,0,0
136,55,0,0
136,56,0,0
136,57,0,0
136,58,0,0
136,59,0,0
136,60,0,0
136,61,0,0
136,62,0,0
136,63,0,0
136,64,0,0
136,65,0,0
137,20,0,0
137,21,0,0
137,22,0,0
137,23,0,0
137,24,0,0
137,25,0,0
137,26,0,0
137,27,0,0
137,28,0,0
137,29,0,0
137,30,0,0
137,31,0,0
137,32,0,0
137,33,0,0
137,34,0,0
137,35,0,0
137,36,0,0
137,37,0,0
137,38,0,0
137,39,0,0
137,40,0,0
137,41,0,0
137,42,0,0
137,43,0,0
137,44,0,0
137,45,0,0
137,46,0,0
137,47,0,0
137,48,0,0
137,49,0,0
137,50,0,0
137,51,0,0
137,52,0,0
137,53,0,0
137,54,0,0
137,55,0,0
137,56,0,0
137,57,0,0
137,58,0,0
137,59,0,0
137,60,0,0
137,61,0,0
137,62,0,0
137,63,0,0
137,64,0,0
137,65,0,0
138,20,0,0
138,21,0,0
138,22,0,0
138,23,0,0
138,24,0,0
138,25,0,0
138,26,0,0
138,27,0,0
138,28,0,0
138,29,0,0
138,30,0,0
138,31,0,0
138,32,0,0
138,33,0,0
138,34,0,0
138,35,0,0
138,36,0,0
138,37,0,0
138,38,0,0
138,39,0,0
138,40,0,0
138,41,0,0
138,42,0,0
138,43,0,0
138,44,0,0
138,45,0,0
138,46,0,0
138,47,0,0
138,48,0,0
138,49,0,0
138,50,0,0
138,51,0,0
138,52,0,0
138,53,0,0
138,54,0,0
138,55,0,0
138,56,0,0
138,57,0,0
138,58,0,0
138,59,0,0
138,60,0,0
138,61,0,0
138,62,0,0
138,63,0,0
138,64,0,0
138,65,0,0
139,20,0,0
139,21,0,0
139,22,0,0
139,23,0,0
139,24,0,0
139,25,0,0
139,26,0,0
139,27,0,0
139,28,0,0
139,29,0,0
139,30,0,0
139,31,0,0
139,32,0,0
139,33,0,0
139,34,0,0
139,35,0,0
139,36,0,0
139,37,0,0
139,38,0,0
139,39,0,0
139,40,0,0
139,41,0,0
139,42,0,0
139,43,0,0
139,44,0,0
139,45,0,0
139,46,0,0
139,47,0,0
139,48,0,0
139,49,0,0
139,50,0,0
139,51,0,0
139,52,0,0
139,53,0,0
139,54,0,0
139,55,0,0
139,56,0,0
139,57,0,0
139,58,0,0
139,59,0,0
139,60,0,0
139,61,0,0
139,62,0,0
139,63,0,0
139,64,0,0
139,65,0,0
140,20,0,0
140,21,0,0
140,22,0,0
140,23,0,0
140,24,0,0
140,25,0,0
140,26,0,0
140,27,0,0
140,28,0,0
140,29,0,0
140,30,0,0
140,31,0,0
140,32,0,0
140,33,0,0
140,34,0,0
140,35,0,0
140,36,0,0
140,37,0,0
140,38,0,0
140,39,0,0
140,40,0,0
140,41,0,0
140,42,0,0
140,43,0,0
140,44,0,0
140,45,0,0
140,46,0,0
140,47,0,0
140,48,0,0
140,49,0,0
140,50,0,0
140,51,0,0
140,52,0,0
140,53,0,0
140,54,0,0
140,55,0,0
140,56,0,0
140,57,0,0
140,58,0,0
140,59,0,0
140,60,0,0
140,61,0,0
140,62,0,0
140,63,0,0
140,64,0,0
140,65,0,0
