lon,lat,U,V
60,20,0,0
60,21,0,0
60,22,0,0
60,23,0,0
60,24,0,0
60,25,0,0
60,26,0,0
60,27,0,0
60,28,0,0
60,29,0,0
60,30,0,0
60,31,0,0
60,32,0,0
60,33,0,0
60,34,0,0
60,35,0,0
60,36,0,0
60,37,0,0
60,38,0,0
60,39,0,0
60,40,0,0
60,41,0,0
60,42,0,0
60,43,0,0
60,44,0,0
60,45,0,0
60,46,0,0
60,47,0,0
60,48,0,0
60,49,0,0
60,50,0,0
60,51,0,0
60,52,0,0
60,53,0,0
60,54,0,0
60,55,0,0
60,56,0,0
60,57,0,0
60,58,0,0
60,59,0,0
60,60,0,0
60,61,0,0
60,62,0,0
60,63,0,0
60,64,0,0
60,65,0,0
61,20,0,0
61,21,0,0
61,22,0,0
61,23,0,0
61,24,0,0
61,25,0,0
61,26,0,0
61,27,0,0
61,28,0,0
61,29,0,0
61,30,0,0
61,31,0,0
61,32,0,0
61,33,0,0
61,34,0,0
61,35,0,0
61,36,0,0
61,37,0,0
61,38,0,0
61,39,0,0
61,40,0,0
61,41,0,0
61,42,0,0
61,43,0,0
61,44,0,0
61,45,0,0
61,46,0,0
61,47,0,0
61,48,0,0
61,49,0,0
61,50,0,0
61,51,0,0
61,52,0,0
61,53,0,0
61,54,0,0
61,55,0,0
61,56,0,0
61,57,0,0
61,58,0,0
61,59,0,0
61,60,0,0
61,61,0,0
61,62,0,0
61,63,0,0
61,64,0,0
61,65,0,0
62,20,0,0
62,21,0,0
62,22,0,0
62,23,0,0
62,24,0,0
62,25,0,0
62,26,0,0
62,27,0,0
62,28,0,0
62,29,0,0
62,30,0,0
62,31,0,0
62,32,0,0
62,33,0,0
62,34,0,0
62,35,0,0
62,36,0,0
62,37,0,0
62,38,0,0
62,39,0,0
62,40,0,0
62,41,0,0
62,42,0,0
62,43,0,0
62,44,0,0
62,45,0,0
62,46,0,0
62,47,0,0
62,48,0,0
62,49,0,0
62,50,0,0
62,51,0,0
62,52,0,0
62,53,0,0
62,54,0,0
62,55,0,0
62,56,0,0
62,57,0,0
62,58,0,0
62,59,0,0
62,60,0,0
62,61,0,0
62,62,0,0
62,63,0,0
62,64,0,0
62,65,0,0
63,20,0,0
63,21,0,0
63,22,0,0
63,23,0,0
63,24,0,0
63,25,0,0
63,26,0,0
63,27,0,0
63,28,0,0
63,29,0,0
63,30,0,0
63,31,0,0
63,32,0,0
63,33,0,0
63,34,0,0
63,35,0,0
63,36,0,0
63,37,0,0
63,38,0,0
63,39,0,0
63,40,0,0
63,41,0,0
63,42,0,0
63,43,0,0
63,44,0,0
63,45,0,0
63,46,0,0
63,47,0,0
63,48,0,0
63,49,0,0
63,50,0,0
63,51,0,0
63,52,0,0
63,53,0,0
63,54,0,0
63,55,0,0
63,56,0,0
63,57,0,0
63,58,0,0
63,59,0,0
63,60,0,0
63,61,0,0
63,62,0,0
63,63,0,0
63,64,0,0
63,65,0,0
64,20,0,0
64,21,0,0
64,22,0,0
64,23,0,0
64,24,0,0
64,25,0,0
64,26,0,0
64,27,0,0
64,28,0,0
64,29,0,0
64,30,0,0
64,31,0,0
64,32,0,0
64,33,0,0
64,34,0,0
64,35,0,0
64,36,0,0
64,37,0,0
64,38,0,0
64,39,0,0
64,40,0,0
64,41,0,0
64,42,0,0
64,43,0,0
64,44,0,0
64,45,0,0
64,46,0,0
64,47,0,0
64,48,0,0
64,49,0,0
64,50,0,0
64,51,0,0
64,52,0,0
64,53,0,0
64,54,0,0
64,55,0,0
64,56,0,0
64,57,0,0
64,58,0,0
64,59,0,0
64,60,0,0
64,61,0,0
64,62,0,0
64,63,0,0
64,64,0,0
64,65,0,0
65,20,0,0
65,21,0,0
65,22,0,0
65,23,0,0
65,24,0,0
65,25,0,0
65,26,0,0
65,27,0,0
65,28,0,0
65,29,0,0
65,30,0,0
65,31,0,0
65,32,0,0
65,33,0,0
65,34,0,0
65,35,0,0
65,36,0,0
65,37,0,0
65,38,0,0
65,39,0,0
65,40,0,0
65,41,0,0
65,42,0,0
65,43,0,0
65,44,0,0
65,45,0,0
65,46,0,0
65,47,0,0
65,48,0,0
65,49,0,0
65,50,0,0
65,51,0,0
65,52,0,0
65,53,0,0
65,54,0,0
65,55,0,0
65,56,0,0
65,57,0,0
65,58,0,0
65,59,0,0
65,60,0,0
65,61,0,0
65,62,0,0
65,63,0,0
65,64,0,0
65,65,0,0
66,20,0,0
66,21,0,0
66,22,0,0
66,23,0,0
66,24,0,0
66,25,0,0
66,26,0,0
66,27,0,0
66,28,0,0
66,29,0,0
66,30,0,0
66,31,0,0
66,32,0,0
66,33,0,0
66,34,0,0
66,35,0,0
66,36,0,0
66,37,0,0
66,38,0,0
66,39,0,0
66,40,0,0
66,41,0,0
66,42,0,0
66,43,0,0
66,44,0,0
66,45,0,0
66,46,0,0
66,47,0,0
66,48,0,0
66,49,0,0
66,50,0,0
66,51,0,0
66,52,0,0
66,53,0,0
66,54,0,0
66,55,0,0
66,56,0,0
66,57,0,0
66,58,0,0
66,59,0,0
66,60,0,0
66,61,0,0
66,62,0,0
66,63,0,0
66,64,0,0
66,65,0,0
67,20,0,0
67,21,0,0
67,22,0,0
67,23,0,0
67,24,0,0
67,25,0,0
67,26,0,0
67,27,0,0
67,28,0,0
67,29,0,0
67,30,0,0
67,31,0,0
67,32,0,0
67,33,0,0
67,34,0,0
67,35,0,0
67,36,0,0
67,37,0,0
67,38,0,0
67,39,0,0
67,40,0,0
67,41,0,0
67,42,0,0
67,43,0,0
67,44,0,0
67,45,0,0
67,46,0,0
67,47,0,0
67,48,0,0
67,49,0,0
67,50,0,0
67,51,0,0
67,52,0,0
67,53,0,0
67,54,0,0
67,55,0,0
67,56,0,0
67,57,0,0
67,58,0,0
67,59,0,0
67,60,0,0
67,61,0,0
67,62,0,0
67,63,0,0
67,64,0,0
67,65,0,0
68,20,0,0
68,21,0,0
68,22,0,0
68,23,0,0
68,24,0,0
68,25,0,0
68,26,0,0
68,27,0,0
68,28,0,0
68,29,0,0
68,30,0,0
68,31,0,0
68,32,0,0
68,33,0,0
68,34,0,0
68,35,0,0
68,36,0,0
68,37,0,0
68,38,0,0
68,39,0,0
68,40,0,0
68,41,0,0
68,42,0,0
68,43,0,0
68,44,0,0
68,45,0,0
68,46,0,0
68,47,0,0
68,48,0,0
68,49,0,0
68,50,0,0
68,51,0,0
68,52,0,0
68,53,0,0
68,54,0,0
68,55,0,0
68,56,0,0
68,57,0,0
68,58,0,0
68,59,0,0
68,60,0,0
68,61,0,0
68,62,0,0
68,63,0,0
68,64,0,0
68,65,0,0
69,20,0,0
69,21,0,0
69,22,0,0
69,23,0,0
69,24,0,0
69,25,0,0
69,26,0,0
69,27,0,0
69,28,0,0
69,29,0,0
69,30,0,0
69,31,0,0
69,32,0,0
69,33,0,0
69,34,0,0
69,35,0,0
69,36,0,0
69,37,0,0
69,38,0,0
69,39,0,0
69,40,0,0
69,41,0,0
69,42,0,0
69,43,0,0
69,44,0,0
69,45,0,0
69,46,0,0
69,47,0,0
69,48,0,0
69,49,0,0
69,50,0,0
69,51,0,0
69,52,0,0
69,53,0,0
69,54,0,0
69,55,0,0
69,56,0,0
69,57,0,0
69,58,0,0
69,59,0,0
69,60,0,0
69,61,0,0
69,62,0,0
69,63,0,0
69,64,0,0
69,65,0,0
70,20,0,0
70,21,0,0
70,22,0,0
70,23,0,0
70,24,0,0
70,25,0,0
70,26,0,0
70,27,0,0
70,28,0,0
70,29,0,0
70,30,0,0
70,31,0,0
70,32,0,0
70,33,0,0
70,34,0,0
70,35,0,0
70,36,0,0
70,37,0,0
70,38,0,0
70,39,0,0
70,40,0,0
70,41,0,0
70,42,0,0
70,43,0,0
70,44,0,0
70,45,0,0
70,46,0,0
70,47,0,0
70,48,0,0
70,49,0,0
70,50,0,0
70,51,0,0
70,52,0,0
70,53,0,0
70,54,0,0
70,55,0,0
70,56,0,0
70,57,0,0
70,58,0,0
70,59,0,0
70,60,0,0
70,61,0,0
70,62,0,0
70,63,0,0
70,64,0,0
70,65,0,0
71,20,0,0
71,21,0,0
71,22,0,0
71,23,0,0
71,24,0,0
71,25,0,0
71,26,0,0
71,27,0,0
71,28,0,0
71,29,0,0
71,30,0,0
71,31,0,0
71,32,0,0
71,33,0,0
71,34,0,0
71,35,0,0
71,36,0,0
71,37,0,0
71,38,0,0
71,39,0,0
71,40,0,0
71,41,0,0
71,42,0,0
71,43,0,0
71,44,0,0
71,45,0,0
71,46,0,0
71,47,0,0
71,48,0,0
71,49,0,0
71,50,0,0
71,51,0,0
71,52,0,0
71,53,0,0
71,54,0,0
71,55,0,0
71,56,0,0
71,57,0,0
71,58,0,0
71,59,0,0
71,60,0,0
71,61,0,0
71,62,0,0
71,63,0,0
71,64,0,0
71,65,0,0
72,20,0,0
72,21,0,0
72,22,0,0
72,23,0,0
72,24,0,0
72,25,0,0
72,26,0,0
72,27,0,0
72,28,0,0
72,29,0,0
72,30,0,0
72,31,0,0
72,32,0,0
72,33,0,0
72,34,0,0
72,35,0,0
72,36,0,0
72,37,0,0
72,38,0,0
72,39,0,0
72,40,0,0
72,41,0,0
72,42,0,0
72,43,0,0
72,44,0,0
72,45,0,0
72,46,0,0
72,47,0,0
72,48,0,0
72,49,0,0
72,50,0,0
72,51,0,0
72,52,0,0
72,53,0,0
72,54,0,0
72,55,0,0
72,56,0,0
72,57,0,0
72,58,0,0
72,59,0,0
72,60,0,0
72,61,0,0
72,62,0,0
72,63,0,0
72,64,0,0
72,65,0,0
73,20,0,0
73,21,0,0
73,22,0,0
73,23,0,0
73,24,0,0
73,25,0,0
73,26,0,0
73,27,0,0
73,28,0,0
73,29,0,0
73,30,0,0
73,31,0,0
73,32,0,0
73,33,0,0
73,34,0,0
73,35,0,0
73,36,0,0
73,37,0,0
73,38,0,0
73,39,0,0
73,40,0,0
73,41,0,0
73,42,0,0
73,43,0,0
73,44,0,0
73,45,0,0
73,46,0,0
73,47,0,0
73,48,0,0
73,49,0,0
73,50,0,0
73,51,0,0
73,52,0,0
73,53,0,0
73,54,0,0
73,55,0,0
73,56,0,0
73,57,0,0
73,58,0,0
73,59,0,0
73,60,0,0
73,61,0,0
73,62,0,0
73,63,0,0
73,64,0,0
73,65,0,0
74,20,0,0
74,21,0,0
74,22,0,0
74,23,0,0
74,24,0,0
74,25,0,0
74,26,0,0
74,27,0,0
74,28,0,0
74,29,0,0
74,30,0,0
74,31,0,0
74,32,0,0
74,33,0,0
74,34,0,0
74,35,0,0
74,36,0,0
74,37,0,0
74,38,0,0
74,39,10.2456,0.695625
74,40,4.322,-5.346
74,41,0,0
74,42,0,0
74,43,0,0
74,44,0,0
74,45,0,0
74,46,0,0
74,47,0,0
74,48,0,0
74,49,0,0
74,50,0,0
74,51,0,0
74,52,0,0
74,53,0,0
74,54,0,0
74,55,0,0
74,56,0,0
74,57,0,0
74,58,0,0
74,59,0,0
74,60,0,0
74,61,0,0
74,62,0,0
74,63,0,0
74,64,0,0
74,65,0,0
75,20,0,0
75,21,0,0
75,22,0,0
75,23,0,0
75,24,0,0
75,25,0,0
75,26,0,0
75,27,0,0
75,28,0,0
75,29,0,0
75,30,0,0
75,31,0,0
75,32,0,0
75,33,0,0
75,34,0,0
75,35,0,0
75,36,0,0
75,37,6.86125,-0.228125
75,38,7.00074,-1.22593
75,39,5.69756,-1.22732
75,40,4.34825,-5.9545
75,41,1.05,-1.04
75,42,0,0
75,43,0,0
75,44,0,0
75,45,0,0
75,46,0,0
75,47,0,0
75,48,0,0
75,49,0,0
75,50,0,0
75,51,0,0
75,52,0,0
75,53,0,0
75,54,0,0
75,55,0,0
75,56,0,0
75,57,0,0
75,58,0,0
75,59,0,0
75,60,0,0
75,61,0,0
75,62,0,0
75,63,0,0
75,64,0,0
75,65,0,0
76,20,0,0
76,21,0,0
76,22,0,0
76,23,0,0
76,24,0,0
76,25,0,0
76,26,0,0
76,27,0,0
76,28,0,0
76,29,0,0
76,30,0,0
76,31,0,0
76,32,0,0
76,33,0,0
76,34,0,0
76,35,0,0
76,36,5.42214,2.54929
76,37,5.42077,0.99
76,38,0.783953,-0.401395
76,39,3.115,-3.17976
76,40,1.21474,-5.59053
76,41,1.96,-0.61
76,42,0,0
76,43,0,0
76,44,0,0
76,45,0,0
76,46,0,0
76,47,0,0
76,48,0,0
76,49,0,0
76,50,0,0
76,51,0,0
76,52,0,0
76,53,0,0
76,54,0,0
76,55,0,0
76,56,0,0
76,57,0,0
76,58,0,0
76,59,0,0
76,60,0,0
76,61,0,0
76,62,0,0
76,63,0,0
76,64,0,0
76,65,0,0
77,20,0,0
77,21,0,0
77,22,0,0
77,23,0,0
77,24,0,0
77,25,0,0
77,26,0,0
77,27,0,0
77,28,0,0
77,29,0,0
77,30,0,0
77,31,0,0
77,32,0,0
77,33,0,0
77,34,0,0
77,35,0,0
77,36,5.06568,1.74568
77,37,2.30933,0.305778
77,38,-0.315952,-3.02048
77,39,1.81738,-2.11833
77,40,0.360488,-3.94756
77,41,3.9235,-3.369
77,42,0,0
77,43,0,0
77,44,0,0
77,45,0,0
77,46,0,0
77,47,0,0
77,48,0,0
77,49,0,0
77,50,0,0
77,51,0,0
77,52,0,0
77,53,0,0
77,54,0,0
77,55,0,0
77,56,0,0
77,57,0,0
77,58,0,0
77,59,0,0
77,60,0,0
77,61,0,0
77,62,0,0
77,63,0,0
77,64,0,0
77,65,0,0
78,20,0,0
78,21,0,0
78,22,0,0
78,23,0,0
78,24,0,0
78,25,0,0
78,26,0,0
78,27,0,0
78,28,0,0
78,29,0,0
78,30,0,0
78,31,0,0
78,32,0,0
78,33,0,0
78,34,0,0
78,35,4.11143,-0.173571
78,36,4.60705,-0.266364
78,37,1.5219,-1.0469
78,38,-0.23,-2.95455
78,39,-2.27429,-1.69524
78,40,1.00372,-5.84
78,41,6.8225,-2.92028
78,42,0,0
78,43,0,0
78,44,0,0
78,45,0,0
78,46,0,0
78,47,0,0
78,48,0,0
78,49,0,0
78,50,0,0
78,51,0,0
78,52,0,0
78,53,0,0
78,54,0,0
78,55,0,0
78,56,0,0
78,57,0,0
78,58,0,0
78,59,0,0
78,60,0,0
78,61,0,0
78,62,0,0
78,63,0,0
78,64,0,0
78,65,0,0
79,20,0,0
79,21,0,0
79,22,0,0
79,23,0,0
79,24,0,0
79,25,0,0
79,26,0,0
79,27,0,0
79,28,0,0
79,29,0,0
79,30,0,0
79,31,-1.59643,-0.915714
79,32,0.825,-1.30105
79,33,1.62737,-0.107368
79,34,3.07387,-0.283548
79,35,4.21705,0.259091
79,36,1.51512,-0.246047
79,37,1.40767,-2.18837
79,38,-0.686977,-3.83372
79,39,-4.44024,-3.1731
79,40,-1.81233,-2.08674
79,41,4.54238,-2.32524
79,42,1.9175,-5.09125
79,43,0,0
79,44,0,0
79,45,0,0
79,46,0,0
79,47,0,0
79,48,0,0
79,49,0,0
79,50,0,0
79,51,0,0
79,52,0,0
79,53,0,0
79,54,0,0
79,55,0,0
79,56,0,0
79,57,0,0
79,58,0,0
79,59,0,0
79,60,0,0
79,61,0,0
79,62,0,0
79,63,0,0
79,64,0,0
79,65,0,0
80,20,0,0
80,21,0,0
80,22,0,0
80,23,0,0
80,24,0,0
80,25,0,0
80,26,0,0
80,27,0,0
80,28,0,0
80,29,0,0
80,30,0,0
80,31,-1.20583,-0.979444
80,32,-0.944255,0.00148936
80,33,0.244091,0.811591
80,34,2.05318,1.44455
80,35,2.22432,1.32727
80,36,0.138864,0.755227
80,37,3.10419,-2.58465
80,38,-1.46636,-4.59136
80,39,-5.10116,-5.21488
80,40,-5.07452,-3.90167
80,41,0.555122,-5.3561
80,42,3.52615,-2.885
80,43,0.764,0.012
80,44,3.77,0.18
80,45,8.03429,0.572857
80,46,0,0
80,47,0,0
80,48,0,0
80,49,0,0
80,50,0,0
80,51,0,0
80,52,0,0
80,53,0,0
80,54,0,0
80,55,0,0
80,56,0,0
80,57,0,0
80,58,0,0
80,59,0,0
80,60,0,0
80,61,0,0
80,62,0,0
80,63,0,0
80,64,0,0
80,65,0,0
81,20,0,0
81,21,0,0
81,22,0,0
81,23,0,0
81,24,0,0
81,25,0,0
81,26,0,0
81,27,0,0
81,28,0,0
81,29,0,0
81,30,-2.11667,0.474444
81,31,-4.28,-0.522553
81,32,-3.13545,0.819318
81,33,-1.66723,1.81872
81,34,0.192222,2.49467
81,35,1.72244,2.06822
81,36,0.325116,-0.0451163
81,37,3.92953,-2.33953
81,38,0.0344186,-3.03023
81,39,-3.32674,-5.21767
81,40,-5.0719,-4.62238
81,41,-1.76429,-3.89786
81,42,3.52659,-0.380244
81,43,0.460263,-0.687105
81,44,0.773158,-0.0552632
81,45,1.92769,1.06462
81,46,0,0
81,47,0,0
81,48,0,0
81,49,0,0
81,50,0,0
81,51,0,0
81,52,0,0
81,53,0,0
81,54,0,0
81,55,0,0
81,56,0,0
81,57,0,0
81,58,0,0
81,59,0,0
81,60,0,0
81,61,0,0
81,62,0,0
81,63,0,0
81,64,0,0
81,65,0,0
82,20,0,0
82,21,0,0
82,22,0,0
82,23,0,0
82,24,0,0
82,25,0,0
82,26,0,0
82,27,0,0
82,28,0,0
82,29,0,0
82,30,-5.889,-1.203
82,31,-6.41167,-1.31646
82,32,-4.14553,0.895532
82,33,-2.40795,1.67614
82,34,-0.356364,1.80432
82,35,1.24667,1.48178
82,36,1.33159,0.0802273
82,37,2.78659,0.350227
82,38,-0.165581,0.628605
82,39,-2.12341,-1.19537
82,40,-5.64023,-2.13163
82,41,-4.88375,-2.90225
82,42,1.60429,-3.55238
82,43,0.484,-0.632
82,44,0.923095,1.0569
82,45,-1.37844,-0.105
82,46,-0.0966667,-4.68333
82,47,0,0
82,48,0,0
82,49,0,0
82,50,0,0
82,51,0,0
82,52,0,0
82,53,0,0
82,54,0,0
82,55,0,0
82,56,0,0
82,57,0,0
82,58,0,0
82,59,0,0
82,60,0,0
82,61,0,0
82,62,0,0
82,63,0,0
82,64,0,0
82,65,0,0
83,20,0,0
83,21,0,0
83,22,0,0
83,23,0,0
83,24,0,0
83,25,0,0
83,26,0,0
83,27,0,0
83,28,0,0
83,29,-6.02,-1.92
83,30,-4.71718,-1.81154
83,31,-5.78739,-2.49391
83,32,-4.89133,0.217111
83,33,-2.57217,1.62
83,34,-0.621364,0.927955
83,35,1.17622,1.12133
83,36,1.41465,0.992326
83,37,1.93267,0.651556
83,38,-2.4422,0.943659
83,39,-4.05442,1.2707
83,40,-6.08262,0.218333
83,41,-5.44,-0.934773
83,42,-1.21825,-4.83725
83,43,1.69048,0.0940476
83,44,1.30128,0.610769
83,45,0.283902,-2.03122
83,46,2.92595,-2.35189
83,47,2.00176,-1.03941
83,48,0,0
83,49,0,0
83,50,0,0
83,51,0,0
83,52,0,0
83,53,0,0
83,54,0,0
83,55,0,0
83,56,0,0
83,57,0,0
83,58,0,0
83,59,0,0
83,60,0,0
83,61,0,0
83,62,0,0
83,63,0,0
83,64,0,0
83,65,0,0
84,20,0,0
84,21,0,0
84,22,0,0
84,23,0,0
84,24,0,0
84,25,0,0
84,26,0,0
84,27,0,0
84,28,0,0
84,29,-6.08375,-0.496875
84,30,-5.76511,-1.75191
84,31,-5.66578,-1.89289
84,32,-4.10064,-0.347021
84,33,-2.01556,0.723333
84,34,-1.15152,0.734565
84,35,0.463488,1.17744
84,36,1.69523,0.219318
84,37,1.64093,0.441163
84,38,-3.45841,0.498182
84,39,-5.47744,1.65674
84,40,-6.84651,0.487674
84,41,-6.04975,0.10425
84,42,-0.248333,-2.86357
84,43,0.46575,-0.4095
84,44,1.61268,1.54293
84,45,0.2075,-0.46425
84,46,4.23025,-3.894
84,47,4.61,0.3585
84,48,0,0
84,49,0,0
84,50,0,0
84,51,0,0
84,52,0,0
84,53,0,0
84,54,0,0
84,55,0,0
84,56,0,0
84,57,0,0
84,58,0,0
84,59,0,0
84,60,0,0
84,61,0,0
84,62,0,0
84,63,0,0
84,64,0,0
84,65,0,0
85,20,0,0
85,21,0,0
85,22,0,0
85,23,0,0
85,24,0,0
85,25,0,0
85,26,0,0
85,27,0,0
85,28,0.415,0.945
85,29,-4.51932,-1.11295
85,30,-5.87957,-2.77
85,31,-4.7437,-1.25152
85,32,-5.07543,-0.236739
85,33,-2.31867,0.826222
85,34,-0.669556,0.262444
85,35,0.946364,0.602955
85,36,2.58511,0.243111
85,37,2.76535,0.0416279
85,38,-3.305,0.641667
85,39,-7.10767,1.4914
85,40,-6.88976,0.155854
85,41,-6.64512,-0.627209
85,42,-0.322195,-3.5539
85,43,3.24902,-1.29585
85,44,0.57325,0.46425
85,45,-1.54103,-0.064359
85,46,4.95732,-2.8939
85,47,5.53727,-3.51
85,48,0,0
85,49,0,0
85,50,0,0
85,51,0,0
85,52,0,0
85,53,0,0
85,54,0,0
85,55,0,0
85,56,0,0
85,57,0,0
85,58,0,0
85,59,0,0
85,60,0,0
85,61,0,0
85,62,0,0
85,63,0,0
85,64,0,0
85,65,0,0
86,20,0,0
86,21,0,0
86,22,0,0
86,23,0,0
86,24,0,0
86,25,0,0
86,26,0,0
86,27,0,0
86,28,-5.02476,-0.835714
86,29,-5.0666,0.00425532
86,30,-5.1837,-2.6737
86,31,-5.25625,-2.24521
86,32,-4.69818,-0.682273
86,33,-3.02304,0.623478
86,34,-0.936,0.515778
86,35,0.708222,-0.0471111
86,36,2.87116,0.0627907
86,37,4.215,0.0613636
86,38,-1.95095,0.754286
86,39,-7.58744,-0.155581
86,40,-6.81571,-0.0942857
86,41,-5.87146,-1.97171
86,42,-2.84,-2.87167
86,43,5.09122,-2.12927
86,44,-1.01366,-0.89122
86,45,-0.65775,-2.43475
86,46,3.15475,-0.9105
86,47,2.50543,-1.45086
86,48,5.13121,-1.71364
86,49,0,0
86,50,0,0
86,51,0,0
86,52,0,0
86,53,0,0
86,54,0,0
86,55,0,0
86,56,0,0
86,57,0,0
86,58,0,0
86,59,0,0
86,60,0,0
86,61,0,0
86,62,0,0
86,63,0,0
86,64,0,0
86,65,0,0
87,20,0,0
87,21,0,0
87,22,0,0
87,23,0,0
87,24,0,0
87,25,0,0
87,26,0,0
87,27,0,0
87,28,-2.71192,-0.504231
87,29,-3.81234,-0.394468
87,30,-5.35319,-2.85894
87,31,-6.22915,-2.77277
87,32,-4.70133,-0.560222
87,33,-3.28067,0.119111
87,34,-0.809333,0.795556
87,35,0.267907,0.449302
87,36,2.03114,0.492045
87,37,3.73864,-0.168182
87,38,-0.124545,1.06068
87,39,-6.61024,-1.81878
87,40,-7.2786,-1.24442
87,41,-5.68714,-0.856667
87,42,-3.09829,-0.9
87,43,3.74098,-2.4739
87,44,0.10675,-1.80075
87,45,0.459512,-3.91463
87,46,1.1205,-0.9135
87,47,1.57175,-1.97725
87,48,4.03103,-2.75974
87,49,1.90737,-0.212632
87,50,0,0
87,51,0,0
87,52,0,0
87,53,0,0
87,54,0,0
87,55,0,0
87,56,0,0
87,57,0,0
87,58,0,0
87,59,0,0
87,60,0,0
87,61,0,0
87,62,0,0
87,63,0,0
87,64,0,0
87,65,0,0
88,20,0,0
88,21,0,0
88,22,0,0
88,23,0,0
88,24,0,0
88,25,0,0
88,26,0,0
88,27,0,0
88,28,-1.93179,0.589643
88,29,-3.64271,-1.13021
88,30,-4.81458,-3.695
88,31,-5.20622,-2.56222
88,32,-5.07913,-0.756739
88,33,-3.72761,-0.391957
88,34,-1.44267,0.878222
88,35,0.208837,0.696744
88,36,2.17,0.546818
88,37,3.7475,-1.01318
88,38,3.55535,0.603953
88,39,-4.56116,-1.46791
88,40,-6.97024,-3.01881
88,41,-7.3,-3.68415
88,42,-5.1425,-3.29625
88,43,4.01976,-8.1831
88,44,1.87976,-2.69293
88,45,1.17026,-4.38256
88,46,0.89325,-3.39575
88,47,3.01564,-2.17795
88,48,3.32711,-1.15184
88,49,3.51,-0.296364
88,50,0,0
88,51,0,0
88,52,0,0
88,53,0,0
88,54,0,0
88,55,0,0
88,56,0,0
88,57,0,0
88,58,0,0
88,59,0,0
88,60,0,0
88,61,0,0
88,62,0,0
88,63,0,0
88,64,0,0
88,65,0,0
89,20,0,0
89,21,0,0
89,22,0,0
89,23,0,0
89,24,0,0
89,25,0,0
89,26,0,0
89,27,-1.45333,0.853333
89,28,-1.62273,-0.500909
89,29,-3.57646,-2.05583
89,30,-4.41723,-3.55064
89,31,-4.22043,-2.6666
89,32,-3.59822,-0.499333
89,33,-2.99289,-1.50244
89,34,-1.18333,0.0644444
89,35,0.179333,1.55289
89,36,2.42605,0.932093
89,37,3.25837,-0.55093
89,38,3.57698,-0.718372
89,39,-1.20744,0.191395
89,40,-6.4881,-2.63333
89,41,-7.12548,-5.15167
89,42,-0.297857,-6.305
89,43,3.71025,-6.09125
89,44,3.24625,-2.83175
89,45,1.8422,-5.63634
89,46,1.79026,-4.63179
89,47,3.69425,-2.53525
89,48,3.8248,0.572
89,49,0,0
89,50,0,0
89,51,0,0
89,52,0,0
89,53,0,0
89,54,0,0
89,55,0,0
89,56,0,0
89,57,0,0
89,58,0,0
89,59,0,0
89,60,0,0
89,61,0,0
89,62,0,0
89,63,0,0
89,64,0,0
89,65,0,0
90,20,0,0
90,21,0,0
90,22,0,0
90,23,0,0
90,24,0,0
90,25,0,0
90,26,0,0
90,27,0,0
90,28,-2.49067,-1.404
90,29,-5.18787,-2.18149
90,30,-5.00319,-2.79043
90,31,-5.27543,-1.55217
90,32,-3.91152,-1.07826
90,33,-2.58957,-1.71935
90,34,-0.911556,-1.388
90,35,0.192045,0.0361364
90,36,2.00909,1.87636
90,37,1.93136,0.641818
90,38,2.03837,0.00651163
90,39,0.265238,0.491905
90,40,-5.00476,-3.09452
90,41,-5.81805,-5.97415
90,42,0.0440476,-4.30071
90,43,1.453,-2.5225
90,44,5.147,-2.47825
90,45,2.88878,-6.05951
90,46,3.29795,-5.67103
90,47,3.6835,-2.9155
90,48,5.1225,0.2725
90,49,0,0
90,50,0,0
90,51,0,0
90,52,0,0
90,53,0,0
90,54,0,0
90,55,0,0
90,56,0,0
90,57,0,0
90,58,0,0
90,59,0,0
90,60,0,0
90,61,0,0
90,62,0,0
90,63,0,0
90,64,0,0
90,65,0,0
91,20,0,0
91,21,0,0
91,22,0,0
91,23,0,0
91,24,0,0
91,25,0,0
91,26,0,0
91,27,0,0
91,28,-0.967826,0.198261
91,29,-3.84708,-2.18146
91,30,-3.9263,-3.61261
91,31,-5.88152,-1.96435
91,32,-3.9066,-0.194255
91,33,-2.60667,-2.27311
91,34,-1.18023,-2.05136
91,35,0.390667,-0.82
91,36,3.55311,2.14489
91,37,3.66548,2.74167
91,38,0.721591,-0.541818
91,39,1.48628,0.602791
91,40,-2.47854,-1.34561
91,41,-4.97333,-5.66571
91,42,-4.07143,-5.59095
91,43,0.9665,-8.17375
91,44,7.74429,-4.60429
91,45,5.92233,-3.40633
91,46,5.38937,-6.20375
91,47,4.73364,-3.67909
91,48,0,0
91,49,0,0
91,50,0,0
91,51,0,0
91,52,0,0
91,53,0,0
91,54,0,0
91,55,0,0
91,56,0,0
91,57,0,0
91,58,0,0
91,59,0,0
91,60,0,0
91,61,0,0
91,62,0,0
91,63,0,0
91,64,0,0
91,65,0,0
92,20,0,0
92,21,0,0
92,22,0,0
92,23,0,0
92,24,0,0
92,25,0,0
92,26,0,0
92,27,-1.36538,-0.202308
92,28,0.402391,0.755652
92,29,-2.89375,-1.105
92,30,-4.84304,-2.75043
92,31,-4.2487,-1.93761
92,32,-3.67681,-0.285957
92,33,-2.10091,-2.23068
92,34,-0.107333,-2.56578
92,35,2.31978,-2.21289
92,36,5.55,0.452273
92,37,4.28349,0.54186
92,38,-0.473182,-0.612045
92,39,1.53195,0.577561
92,40,-0.890952,0.0545238
92,41,-2.99767,-3.37953
92,42,-0.69,-8.11025
92,43,0.0783333,-11.1871
92,44,6.867,-5.29425
92,45,6.90045,-3.25773
92,46,0,0
92,47,0,0
92,48,0,0
92,49,0,0
92,50,0,0
92,51,0,0
92,52,0,0
92,53,0,0
92,54,0,0
92,55,0,0
92,56,0,0
92,57,0,0
92,58,0,0
92,59,0,0
92,60,0,0
92,61,0,0
92,62,0,0
92,63,0,0
92,64,0,0
92,65,0,0
93,20,0,0
93,21,0,0
93,22,0,0
93,23,0,0
93,24,0,0
93,25,0,0
93,26,0,0
93,27,-1.43034,-0.571379
93,28,-1.28313,-0.457083
93,29,-2.855,-2.41261
93,30,-3.43583,-2.90542
93,31,-4.29896,-2.61708
93,32,-3.68205,-0.612045
93,33,-1.41289,-0.956
93,34,0.0893478,-1.77304
93,35,2.14116,-2.03047
93,36,4.59545,-0.949545
93,37,3.34682,0.579545
93,38,-0.0973171,-0.313415
93,39,0.927381,0.440238
93,40,-0.174,1.02222
93,41,-0.0025,-1.98925
93,42,2.61952,-2.9681
93,43,-0.26825,-3.49675
93,44,6.442,-3.38175
93,45,6.78217,-4.15
93,46,0,0
93,47,0,0
93,48,0,0
93,49,0,0
93,50,0,0
93,51,0,0
93,52,0,0
93,53,0,0
93,54,0,0
93,55,0,0
93,56,0,0
93,57,0,0
93,58,0,0
93,59,0,0
93,60,0,0
93,61,0,0
93,62,0,0
93,63,0,0
93,64,0,0
93,65,0,0
94,20,0,0
94,21,0,0
94,22,0,0
94,23,0,0
94,24,0,0
94,25,0,0
94,26,0,0
94,27,-2.53364,-2.12818
94,28,-1.22809,-1.27851
94,29,-3.30837,-3.77796
94,30,-2.65239,-3.10848
94,31,-3.49467,-3.12356
94,32,-2.45,-0.814167
94,33,-0.777826,-0.576522
94,34,-0.117674,-1.69302
94,35,1.77289,-2.06533
94,36,2.89511,-1.02311
94,37,1.24953,0.235116
94,38,-0.330465,-0.032093
94,39,2.18178,0.322222
94,40,0.252051,0.710513
94,41,0.0260976,-0.505122
94,42,-0.434286,0.45381
94,43,1.22366,-1.95512
94,44,7.42214,-4.09905
94,45,6.65556,-3.05333
94,46,0,0
94,47,0,0
94,48,0,0
94,49,0,0
94,50,0,0
94,51,0,0
94,52,0,0
94,53,0,0
94,54,0,0
94,55,0,0
94,56,0,0
94,57,0,0
94,58,0,0
94,59,0,0
94,60,0,0
94,61,0,0
94,62,0,0
94,63,0,0
94,64,0,0
94,65,0,0
95,20,0,0
95,21,0,0
95,22,0,0
95,23,0,0
95,24,0,0
95,25,0,0
95,26,0,0
95,27,0,0
95,28,-2.00833,-1.29267
95,29,-2.20857,-2.82959
95,30,-2.10826,-3.39935
95,31,-3.48761,-2.30565
95,32,-1.95021,-1.53936
95,33,-0.396591,-1.10909
95,34,0.822889,-1.82911
95,35,2.34543,-2.095
95,36,2.76341,-0.812683
95,37,1.75512,-0.520698
95,38,1.56022,-0.558222
95,39,2.65275,0.9285
95,40,0.556279,1.3514
95,41,-0.0845455,-0.0834091
95,42,-2.974,-0.41475
95,43,2.40561,-3.98463
95,44,5.54242,-5.01939
95,45,0,0
95,46,0,0
95,47,0,0
95,48,0,0
95,49,0,0
95,50,0,0
95,51,0,0
95,52,0,0
95,53,0,0
95,54,0,0
95,55,0,0
95,56,0,0
95,57,0,0
95,58,0,0
95,59,0,0
95,60,0,0
95,61,0,0
95,62,0,0
95,63,0,0
95,64,0,0
95,65,0,0
96,20,0,0
96,21,0,0
96,22,0,0
96,23,0,0
96,24,0,0
96,25,0,0
96,26,0,0
96,27,0,0
96,28,-1.09667,-0.255333
96,29,-2.00136,-0.257045
96,30,-5.836,-3.519
96,31,-2.3287,-1.26
96,32,-0.583488,-2.30279
96,33,0.182553,-2.55234
96,34,1.83867,-1.626
96,35,2.60186,-3.2614
96,36,4.00933,-2.27378
96,37,3.08409,-1.21932
96,38,4.12881,-2.42429
96,39,3.38455,-0.700909
96,40,1.45143,0.940238
96,41,0.686341,-0.634878
96,42,0.84381,-1.80619
96,43,3.43407,-3.70667
96,44,4.29,-2.96
96,45,0,0
96,46,0,0
96,47,0,0
96,48,0,0
96,49,0,0
96,50,0,0
96,51,0,0
96,52,0,0
96,53,0,0
96,54,0,0
96,55,0,0
96,56,0,0
96,57,0,0
96,58,0,0
96,59,0,0
96,60,0,0
96,61,0,0
96,62,0,0
96,63,0,0
96,64,0,0
96,65,0,0
97,20,0,0
97,21,0,0
97,22,0,0
97,23,0,0
97,24,0,0
97,25,0,0
97,26,0,0
97,27,0,0
97,28,-1.2128,-0.9672
97,29,-0.530392,-2.28725
97,30,-2.2119,-2.57595
97,31,-1.9244,-1.8382
97,32,-0.361522,-2.13543
97,33,0.653636,-3.03091
97,34,2.254,-3.00311
97,35,3.25457,-4.01348
97,36,4.68561,-2.96415
97,37,2.43089,-0.693778
97,38,3.35214,-2.70333
97,39,3.32857,-1.32405
97,40,1.6769,0.738095
97,41,2.0469,-0.447143
97,42,3.72225,-2.86675
97,43,5.53,-2.12818
97,44,0,0
97,45,0,0
97,46,0,0
97,47,0,0
97,48,0,0
97,49,0,0
97,50,0,0
97,51,0,0
97,52,0,0
97,53,0,0
97,54,0,0
97,55,0,0
97,56,0,0
97,57,0,0
97,58,0,0
97,59,0,0
97,60,0,0
97,61,0,0
97,62,0,0
97,63,0,0
97,64,0,0
97,65,0,0
98,20,0,0
98,21,0,0
98,22,0,0
98,23,0,0
98,24,-0.646,-0.161
98,25,-0.757059,-0.412353
98,26,-1.175,0.305
98,27,0,0
98,28,-1.637,-1.4975
98,29,-0.816136,-3.21545
98,30,-2.5883,-3.42887
98,31,-1.68857,-1.79595
98,32,-0.937826,-2.3937
98,33,1.01106,-1.74468
98,34,2.34209,-3.86465
98,35,3.46488,-4.43093
98,36,4.92532,-2.12234
98,37,1.75524,0.314762
98,38,3.37744,-2.38442
98,39,2.47773,-1.99591
98,40,1.71375,0.48375
98,41,1.62773,0.197955
98,42,4.27,-1.21875
98,43,5.09,-1.08571
98,44,0,0
98,45,0,0
98,46,0,0
98,47,0,0
98,48,0,0
98,49,0,0
98,50,0,0
98,51,0,0
98,52,0,0
98,53,0,0
98,54,0,0
98,55,0,0
98,56,0,0
98,57,0,0
98,58,0,0
98,59,0,0
98,60,0,0
98,61,0,0
98,62,0,0
98,63,0,0
98,64,0,0
98,65,0,0
99,20,0,0
99,21,0,0
99,22,0.194,1.69
99,23,0.210714,1.32929
99,24,-0.0660976,0.231707
99,25,-0.692692,-0.638269
99,26,-1.4361,-0.313659
99,27,-1.85257,0.543714
99,28,-0.53087,-0.491739
99,29,-1.32771,-3.22562
99,30,-2.55114,-3.69091
99,31,-1.935,-2.59583
99,32,0.497872,-3.15872
99,33,1.95262,-2.78
99,34,2.4996,-3.0752
99,35,4.35119,-4.38071
99,36,6.28929,-3.075
99,37,2.48935,-0.511522
99,38,2.94048,-1.37857
99,39,1.3155,-0.765
99,40,2.33609,0.629565
99,41,2.57158,0.935789
99,42,3.92533,-0.234667
99,43,3.66667,-1.81333
99,44,0,0
99,45,0,0
99,46,0,0
99,47,0,0
99,48,0,0
99,49,0,0
99,50,0,0
99,51,0,0
99,52,0,0
99,53,0,0
99,54,0,0
99,55,0,0
99,56,0,0
99,57,0,0
99,58,0,0
99,59,0,0
99,60,0,0
99,61,0,0
99,62,0,0
99,63,0,0
99,64,0,0
99,65,0,0
100,20,0,0
100,21,0,0
100,22,0.736053,1.06237
100,23,0.620208,0.585417
100,24,-0.0054902,-0.00333333
100,25,-1.49102,-0.909388
100,26,-1.375,-1.33212
100,27,-1.18156,-0.320889
100,28,-0.614694,-0.304694
100,29,-1.83431,-2.08784
100,30,-2.22524,-3.92095
100,31,-0.62875,-3.3725
100,32,1.82833,-3.05521
100,33,2.4969,-3.66643
100,34,3.22159,-3.07795
100,35,3.135,-1.62896
100,36,1.81357,-1.53714
100,37,0.743415,0.820732
100,38,2.04319,-0.777447
100,39,1.36561,0.830488
100,40,2.32857,2.33857
100,41,2.6907,1.39093
100,42,3.09641,-0.0207692
100,43,2.63333,-1.32167
100,44,0,0
100,45,0,0
100,46,0,0
100,47,0,0
100,48,0,0
100,49,0,0
100,50,0,0
100,51,0,0
100,52,0,0
100,53,0,0
100,54,0,0
100,55,0,0
100,56,0,0
100,57,0,0
100,58,0,0
100,59,0,0
100,60,0,0
100,61,0,0
100,62,0,0
100,63,0,0
100,64,0,0
100,65,0,0
101,20,0,0
101,21,0.574,1.066
101,22,0.329388,0.544286
101,23,-0.5048,0.3816
101,24,-1.1918,-0.0052
101,25,-1.34122,-1.1449
101,26,-1.41306,-1.32163
101,27,-2.53636,-0.408
101,28,-2.89667,-0.012381
101,29,-0.812791,-1.87605
101,30,0.19,-2.68321
101,31,0.815116,-4.00256
101,32,0.95186,-3.51698
101,33,2.5575,-3.88187
101,34,3.49795,-2.52227
101,35,2.78705,-0.105682
101,36,1.86761,0.513478
101,37,2.74769,0.0805128
101,38,2.42022,-1.06565
101,39,1.47023,2.03477
101,40,3.44575,2.96125
101,41,3.308,2.336
101,42,2.95244,0.677073
101,43,2.4225,-1.2425
101,44,0,0
101,45,0,0
101,46,0,0
101,47,0,0
101,48,0,0
101,49,0,0
101,50,0,0
101,51,0,0
101,52,0,0
101,53,0,0
101,54,0,0
101,55,0,0
101,56,0,0
101,57,0,0
101,58,0,0
101,59,0,0
101,60,0,0
101,61,0,0
101,62,0,0
101,63,0,0
101,64,0,0
101,65,0,0
102,20,0,0
102,21,1.3,0.885
102,22,0.667143,0.162857
102,23,-1.38778,-0.0207407
102,24,-1.94959,0.533878
102,25,-1.32189,-0.419623
102,26,-1.73214,-1.10071
102,27,-4.33702,-3.25426
102,28,-3.87345,-3.14127
102,29,-1.46667,-2.57146
102,30,0.413778,-2.19889
102,31,0.406667,-3.93022
102,32,0.645,-3.57476
102,33,1.91135,-3.00288
102,34,3.74886,-2.90386
102,35,4.07667,-0.915952
102,36,2.77333,-0.200417
102,37,1.83095,-1.72619
102,38,2.318,-0.683714
102,39,1.22438,2.23917
102,40,3.38095,3.34214
102,41,3.75104,2.97958
102,42,3.44,1.38379
102,43,0,0
102,44,0,0
102,45,0,0
102,46,0,0
102,47,0,0
102,48,0,0
102,49,0,0
102,50,0,0
102,51,0,0
102,52,0,0
102,53,0,0
102,54,0,0
102,55,0,0
102,56,0,0
102,57,0,0
102,58,0,0
102,59,0,0
102,60,0,0
102,61,0,0
102,62,0,0
102,63,0,0
102,64,0,0
102,65,0,0
103,20,0,0
103,21,0,0
103,22,0,0
103,23,-1.81043,-0.160435
103,24,-2.2002,0.0669388
103,25,-2.52308,-1.025
103,26,-3.60774,-2.66132
103,27,-3.92978,-4.31333
103,28,-3.95854,-4.51729
103,29,-0.783333,-3.19357
103,30,0.332381,-0.160476
103,31,0.792453,-1.90189
103,32,1.55653,-4.06816
103,33,3.46907,-3.46837
103,34,3.42938,-1.90333
103,35,3.12476,-0.994524
103,36,2.31136,0.2775
103,37,2.08717,-2.02522
103,38,0.940952,0.41881
103,39,1.36325,3.17125
103,40,3.98194,3.42194
103,41,5.31024,2.43762
103,42,5.39923,0.960385
103,43,0,0
103,44,0,0
103,45,0,0
103,46,0,0
103,47,0,0
103,48,0,0
103,49,0,0
103,50,0,0
103,51,0,0
103,52,0,0
103,53,0,0
103,54,0,0
103,55,0,0
103,56,0,0
103,57,0,0
103,58,0,0
103,59,0,0
103,60,0,0
103,61,0,0
103,62,0,0
103,63,0,0
103,64,0,0
103,65,0,0
104,20,0,0
104,21,0,0
104,22,0,0
104,23,-1.21214,-1.0081
104,24,-2.03082,-0.994694
104,25,-2.28571,-2.28612
104,26,-2.0525,-2.96946
104,27,-2.93245,-5.95571
104,28,-1.22018,-3.95786
104,29,0.23102,-1.51224
104,30,1.48714,-0.110204
104,31,1.34863,0.172745
104,32,0.426429,-1.66238
104,33,2.34262,-3.07381
104,34,2.69,-1.90625
104,35,2.09262,0.328095
104,36,1.10214,1.60333
104,37,1.98833,0.653958
104,38,1.11619,2.26333
104,39,1.91729,3.79187
104,40,4.96537,3.2578
104,41,5.89257,2.28029
104,42,6.82667,0.436667
104,43,0,0
104,44,0,0
104,45,0,0
104,46,0,0
104,47,0,0
104,48,0,0
104,49,0,0
104,50,0,0
104,51,0,0
104,52,0,0
104,53,0,0
104,54,0,0
104,55,0,0
104,56,0,0
104,57,0,0
104,58,0,0
104,59,0,0
104,60,0,0
104,61,0,0
104,62,0,0
104,63,0,0
104,64,0,0
104,65,0,0
105,20,0,0
105,21,0,0
105,22,0,0
105,23,-0.650526,-1.56263
105,24,-0.274524,-1.4469
105,25,-1.86048,-3.47119
105,26,-1.19896,-3.70792
105,27,-0.660714,-6.33476
105,28,0.473125,-3.46187
105,29,0.713571,-1.2531
105,30,0.944762,-1.41619
105,31,0.263542,-1.20437
105,32,-0.0719048,-3.98381
105,33,0.860952,-2.98405
105,34,0.994167,-1.26167
105,35,1.3119,0.847143
105,36,1.19214,2.20333
105,37,2.58,3.17042
105,38,2.22571,3.69881
105,39,2.72375,4.09354
105,40,6.09429,3.27619
105,41,5.85762,2.00048
105,42,5.97364,1.06636
105,43,0,0
105,44,0,0
105,45,0,0
105,46,0,0
105,47,0,0
105,48,0,0
105,49,0,0
105,50,0,0
105,51,0,0
105,52,0,0
105,53,0,0
105,54,0,0
105,55,0,0
105,56,0,0
105,57,0,0
105,58,0,0
105,59,0,0
105,60,0,0
105,61,0,0
105,62,0,0
105,63,0,0
105,64,0,0
105,65,0,0
106,20,0,0
106,21,0,0
106,22,0,0
106,23,0.135,-1.012
106,24,-0.742245,-1.79102
106,25,-1.34673,-2.65224
106,26,-2.1275,-3.66946
106,27,-1.00714,-6.07592
106,28,0.633393,-4.40357
106,29,0.893469,-1.69469
106,30,1.45106,-1.25362
106,31,1.03208,-2.04917
106,32,0.03,-3.59619
106,33,0.615952,-3.08548
106,34,0.535,-1.39479
106,35,0.531429,0.145714
106,36,2.16143,2.06714
106,37,2.37938,3.37979
106,38,2.99095,3.54571
106,39,4.13125,3.7975
106,40,6.49973,4.28
106,41,6.06457,2.17886
106,42,7.16714,4.29524
106,43,0,0
106,44,0,0
106,45,0,0
106,46,0,0
106,47,0,0
106,48,0,0
106,49,0,0
106,50,0,0
106,51,0,0
106,52,0,0
106,53,0,0
106,54,0,0
106,55,0,0
106,56,0,0
106,57,0,0
106,58,0,0
106,59,0,0
106,60,0,0
106,61,0,0
106,62,0,0
106,63,0,0
106,64,0,0
106,65,0,0
107,20,0,0
107,21,0,0
107,22,-1.53538,-2.00923
107,23,-0.940204,-1.41878
107,24,-1.65306,-2.20327
107,25,-2.33962,-1.98519
107,26,-3.17453,-3.28094
107,27,-1.5,-3.69881
107,28,-0.533958,-4.31563
107,29,0.717381,-2.42524
107,30,2.09114,0.204318
107,31,0.8325,0.405
107,32,-0.344167,-1.03333
107,33,0.387619,-1.32571
107,34,-0.00916667,-0.719583
107,35,0.451429,0.319524
107,36,2.28886,1.39795
107,37,2.89609,2.88935
107,38,3.82077,3.19872
107,39,4.2765,3.64
107,40,6.34825,4.36375
107,41,7.53857,1.51262
107,42,9.301,3.4195
107,43,0,0
107,44,0,0
107,45,0,0
107,46,0,0
107,47,0,0
107,48,0,0
107,49,0,0
107,50,0,0
107,51,0,0
107,52,0,0
107,53,0,0
107,54,0,0
107,55,0,0
107,56,0,0
107,57,0,0
107,58,0,0
107,59,0,0
107,60,0,0
107,61,0,0
107,62,0,0
107,63,0,0
107,64,0,0
107,65,0,0
108,20,0,0
108,21,0,0
108,22,-2.27822,-2.47489
108,23,-2.14125,-1.78732
108,24,-3.28694,-2.21041
108,25,-3.0098,-3.65725
108,26,-3.14,-3.09738
108,27,-2.5374,-2.6868
108,28,-1.16655,-2.79018
108,29,0.0515217,-2.78522
108,30,1.53044,-0.648667
108,31,0.835556,1.58867
108,32,-1.35047,-1.47977
108,33,0.804118,-1.07569
108,34,1.3275,-0.960227
108,35,0.33619,-0.797143
108,36,1.59188,-0.0145833
108,37,3.25683,1.36317
108,38,4.98579,1.69079
108,39,5.69875,1.90875
108,40,7.15929,2.32714
108,41,7.48979,1.63064
108,42,10.14,1.64563
108,43,0,0
108,44,0,0
108,45,0,0
108,46,0,0
108,47,0,0
108,48,0,0
108,49,0,0
108,50,0,0
108,51,0,0
108,52,0,0
108,53,0,0
108,54,0,0
108,55,0,0
108,56,0,0
108,57,0,0
108,58,0,0
108,59,0,0
108,60,0,0
108,61,0,0
108,62,0,0
108,63,0,0
108,64,0,0
108,65,0,0
109,18,-3.03429,-3.14571
109,19,-4.15175,-5.0265
109,20,-4.86375,-4.285
109,21,0,0
109,22,-3.94312,-2.61375
109,23,-3.4152,-2.0672
109,24,-2.72063,-3.165
109,25,-3.34961,-4.58157
109,26,-2.5349,-3.98918
109,27,-2.61611,-2.8613
109,28,-0.911667,-0.935714
109,29,-0.0428889,-1.25644
109,30,0.525636,-1.73091
109,31,1.16071,0.154762
109,32,-0.455116,-1.83209
109,33,1.1506,-1.8564
109,34,2.23047,-1.11884
109,35,0.4775,0.0838636
109,36,1.37022,-0.543043
109,37,3.66184,-0.0113158
109,38,5.07326,0.230435
109,39,5.80705,0.562045
109,40,6.96231,1.56487
109,41,6.52951,1.23951
109,42,8.74833,1.66619
109,43,0,0
109,44,0,0
109,45,0,0
109,46,0,0
109,47,0,0
109,48,0,0
109,49,0,0
109,50,0,0
109,51,0,0
109,52,0,0
109,53,0,0
109,54,0,0
109,55,0,0
109,56,0,0
109,57,0,0
109,58,0,0
109,59,0,0
109,60,0,0
109,61,0,0
109,62,0,0
109,63,0,0
109,64,0,0
109,65,0,0
110,18,-4.98667,-5.00833
110,19,-3.75796,-4.32327
110,20,-5.73472,-3.68278
110,21,-6.99226,-3.15839
110,22,-5.06283,-2.51264
110,23,-4.55633,-1.87918
110,24,-3.75788,-1.695
110,25,-4.06714,-3.91633
110,26,-3.6582,-2.4958
110,27,-2.70326,-1.97696
110,28,-0.656939,-0.923878
110,29,0.1522,-0.0842
110,30,0.233488,-0.663953
110,31,0.864375,-1.02083
110,32,1.03417,-0.823333
110,33,0.879524,-1.96238
110,34,0.744545,-3.48977
110,35,1.50667,0.225208
110,36,0.464524,-1.32357
110,37,2.14524,0.0495238
110,38,4.5783,-0.109574
110,39,5.72825,0.309
110,40,7.14372,0.771395
110,41,7.70372,0.252093
110,42,9.24947,1.04526
110,43,8.99667,-0.146667
110,44,0,0
110,45,0,0
110,46,0,0
110,47,0,0
110,48,0,0
110,49,0,0
110,50,0,0
110,51,0,0
110,52,0,0
110,53,0,0
110,54,0,0
110,55,0,0
110,56,0,0
110,57,0,0
110,58,0,0
110,59,0,0
110,60,0,0
110,61,0,0
110,62,0,0
110,63,0,0
110,64,0,0
110,65,0,0
111,19,-5.438,-3.334
111,20,-6.60455,-2.72455
111,21,-8.1775,-2.95
111,22,-6.9749,-2.40898
111,23,-5.51115,-0.698846
111,24,-3.9446,-2.0604
111,25,-3.90078,-3.66235
111,26,-2.68469,-3.77367
111,27,-1.13776,-2.32531
111,28,-0.475319,-0.581064
111,29,1.44,0.41898
111,30,1.5007,0.0113953
111,31,0.885306,-0.873061
111,32,2.89152,-0.502391
111,33,2.23762,-0.611429
111,34,0.8014,-4.4646
111,35,1.02048,-2.4919
111,36,0.38878,-2.25732
111,37,1.85511,-0.845532
111,38,3.48024,0.120476
111,39,4.66025,1.15675
111,40,6.50326,0.872609
111,41,8.50027,-0.192703
111,42,8.87348,0.576522
111,43,7.92633,-0.757
111,44,0,0
111,45,0,0
111,46,0,0
111,47,0,0
111,48,0,0
111,49,0,0
111,50,0,0
111,51,0,0
111,52,0,0
111,53,0,0
111,54,0,0
111,55,0,0
111,56,0,0
111,57,0,0
111,58,0,0
111,59,0,0
111,60,0,0
111,61,0,0
111,62,0,0
111,63,0,0
111,64,0,0
111,65,0,0
112,20,0,0
112,21,0,0
112,22,-6.62524,-2.52714
112,23,-5.44224,-0.369796
112,24,-4.04962,-1.29887
112,25,-3.18521,-3.11667
112,26,-1.5288,-4
112,27,-0.453542,-3.59188
112,28,0.5172,-0.7212
112,29,1.06814,1.00209
112,30,0.952453,1.42302
112,31,1.32286,0.824048
112,32,3.03217,0.464783
112,33,2.13404,-0.839149
112,34,2.54432,-2.92045
112,35,1.6414,-4.17256
112,36,0.924894,-2.7334
112,37,2.1331,-1.6469
112,38,5.37476,-1.6681
112,39,6.70667,0.130222
112,40,7.01256,1.36436
112,41,7.70289,0.890667
112,42,9.14,0.144872
112,43,8.2678,-0.722195
112,44,6.66452,-1.79774
112,45,5.483,-2.175
112,46,0,0
112,47,0,0
112,48,0,0
112,49,0,0
112,50,0,0
112,51,0,0
112,52,0,0
112,53,0,0
112,54,0,0
112,55,0,0
112,56,0,0
112,57,0,0
112,58,0,0
112,59,0,0
112,60,0,0
112,61,0,0
112,62,0,0
112,63,0,0
112,64,0,0
112,65,0,0
113,20,0,0
113,21,0,0
113,22,-8.39464,-1.575
113,23,-5.31558,-0.179231
113,24,-3.04245,-1.33694
113,25,-2.165,-2.3156
113,26,-0.501429,-3.75184
113,27,-0.892245,-4.30531
113,28,0.236957,-1.18196
113,29,-0.0213725,0.940784
113,30,0.562558,1.62558
113,31,1.80571,1.82327
113,32,2.24851,2.04064
113,33,1.60558,0.753953
113,34,1.85511,-0.938222
113,35,0.350435,-0.457391
113,36,0.335366,-3.11707
113,37,2.67867,-3.31067
113,38,4.60419,-0.065814
113,39,5.32548,-1.00762
113,40,7.22238,0.506429
113,41,9.0519,0.623333
113,42,9.24878,-0.539512
113,43,8.54415,-0.858293
113,44,6.78119,-1.80833
113,45,6.39357,-2.23643
113,46,0,0
113,47,0,0
113,48,0,0
113,49,0,0
113,50,0,0
113,51,0,0
113,52,0,0
113,53,0,0
113,54,0,0
113,55,0,0
113,56,0,0
113,57,0,0
113,58,0,0
113,59,0,0
113,60,0,0
113,61,0,0
113,62,0,0
113,63,0,0
113,64,0,0
113,65,0,0
114,20,0,0
114,21,0,0
114,22,-10.09,-1.04
114,23,-5.90522,0.184565
114,24,-3.40961,0.0711765
114,25,-2.85118,-2.2798
114,26,-1.54479,-1.72333
114,27,-2.05347,-2.43816
114,28,-0.22,-1.83367
114,29,0.562667,0.392222
114,30,0.703265,1.17673
114,31,1.28522,1.62283
114,32,1.5207,2.46349
114,33,1.26104,3.11438
114,34,0.0824444,1.59289
114,35,0.37907,0.468605
114,36,1.04778,-1.49733
114,37,2.09477,-2.06386
114,38,4.71049,-0.449756
114,39,5.49,-1.86558
114,40,7.45721,0.673721
114,41,8.72975,0.9565
114,42,8.88381,-0.607619
114,43,8.06634,-0.495854
114,44,6.6515,-1.184
114,45,6.97316,-2.77526
114,46,0,0
114,47,0,0
114,48,0,0
114,49,0,0
114,50,0,0
114,51,0,0
114,52,0,0
114,53,0,0
114,54,0,0
114,55,0,0
114,56,0,0
114,57,0,0
114,58,0,0
114,59,0,0
114,60,0,0
114,61,0,0
114,62,0,0
114,63,0,0
114,64,0,0
114,65,0,0
115,20,0,0
115,21,0,0
115,22,0,0
115,23,-6.52929,0.183095
115,24,-3.3725,0.55625
115,25,-1.75694,-1.18367
115,26,-1.21353,-3.31294
115,27,-1.47979,-3.07938
115,28,-0.638085,-2.20213
115,29,0.318958,-0.371042
115,30,0.709348,0.564783
115,31,0.469574,1.23851
115,32,0.507021,2.73574
115,33,0.267273,3.58523
115,34,0.726222,2.76867
115,35,1.37304,0.665435
115,36,0.732619,-1.90119
115,37,1.23093,-1.21837
115,38,2.70391,0.310435
115,39,3.9325,0.65375
115,40,6.88738,-0.154524
115,41,7.46455,1.20386
115,42,8.4065,0.382
115,43,7.872,-0.01225
115,44,6.91718,-0.359487
115,45,7.77649,-2.26432
115,46,0,0
115,47,0,0
115,48,0,0
115,49,0,0
115,50,0,0
115,51,0,0
115,52,0,0
115,53,0,0
115,54,0,0
115,55,0,0
115,56,0,0
115,57,0,0
115,58,0,0
115,59,0,0
115,60,0,0
115,61,0,0
115,62,0,0
115,63,0,0
115,64,0,0
115,65,0,0
116,20,0,0
116,21,0,0
116,22,0,0
116,23,-5.74667,-1.63333
116,24,-3.82352,1.48407
116,25,-1.51,0.767872
116,26,-1.571,-2.0478
116,27,-1.83854,-2.71125
116,28,-1.14583,-2.12875
116,29,-0.1024,-0.2442
116,30,0.180638,0.748723
116,31,0.410909,0.510682
116,32,-0.294255,1.86106
116,33,-0.878889,3.73311
116,34,0.392093,3.7507
116,35,0.204889,2.55689
116,36,1.04133,1.12022
116,37,1.83714,-0.952619
116,38,2.20286,-0.215476
116,39,2.49413,2.04609
116,40,4.33641,1.40333
116,41,7.0431,1.28857
116,42,8.4069,1.33333
116,43,8.01537,0.362195
116,44,7.06093,0.0248837
116,45,6.48194,-1.69694
116,46,6.223,-1.627
116,47,0,0
116,48,5.90304,-2.55478
116,49,6.42643,-2.18357
116,50,0,0
116,51,0,0
116,52,0,0
116,53,0,0
116,54,0,0
116,55,0,0
116,56,0,0
116,57,0,0
116,58,0,0
116,59,0,0
116,60,0,0
116,61,0,0
116,62,0,0
116,63,0,0
116,64,0,0
116,65,0,0
117,20,0,0
117,21,0,0
117,22,0,0
117,23,-6.16714,-2.22
117,24,-4.25512,-0.625814
117,25,-1.91173,1.15692
117,26,-0.887347,-0.531224
117,27,-0.743265,-2.02163
117,28,-1.05812,-1.94771
117,29,-0.577333,-0.324
117,30,-0.00979167,0.639792
117,31,-0.500417,0.83375
117,32,-1.84864,1.92136
117,33,-1.02391,3.56174
117,34,-0.745435,3.64457
117,35,-1.02071,3.965
117,36,-0.0409091,4.38591
117,37,2.42068,2.21636
117,38,2.04452,-0.47381
117,39,1.5678,0.912195
117,40,1.47826,2.18804
117,41,3.64425,3.422
117,42,6.91439,1.95585
117,43,8.12805,0.911463
117,44,7.27718,0.296923
117,45,5.87929,-0.279762
117,46,6.52273,-0.00939394
117,47,0,0
117,48,5.71148,-0.684444
117,49,7.29711,-1.06447
117,50,8.36,-1.49875
117,51,0,0
117,52,0,0
117,53,0,0
117,54,0,0
117,55,0,0
117,56,0,0
117,57,0,0
117,58,0,0
117,59,0,0
117,60,0,0
117,61,0,0
117,62,0,0
117,63,0,0
117,64,0,0
117,65,0,0
118,20,0,0
118,21,0,0
118,22,0,0
118,23,0,0
118,24,-3.054,-2.01467
118,25,-2.26063,-0.275833
118,26,-1.44143,1.14286
118,27,-0.730417,-0.534583
118,28,-0.313542,-1.27437
118,29,-0.360417,-0.605208
118,30,-0.378261,0.343913
118,31,-1.41681,0.314255
118,32,-2.10313,1.29104
118,33,-2.05698,2.76116
118,34,-1.21844,3.95422
118,35,-0.828444,3.44956
118,36,-0.0534884,4.6407
118,37,2.66523,4.72409
118,38,1.15645,1.69774
118,39,0.173333,1.78889
118,40,1.18707,1.67756
118,41,3.6119,3.36524
118,42,6.21425,4.2415
118,43,8.53357,1.31833
118,44,7.59659,-0.27122
118,45,6.222,0.60425
118,46,6.57575,1.03375
118,47,6.14,0.33
118,48,5.55263,0.548947
118,49,6.77333,1.79513
118,50,5.95,1.91333
118,51,0,0
118,52,0,0
118,53,0,0
118,54,0,0
118,55,0,0
118,56,0,0
118,57,0,0
118,58,0,0
118,59,0,0
118,60,0,0
118,61,0,0
118,62,0,0
118,63,0,0
118,64,0,0
118,65,0,0
119,20,0,0
119,21,0,0
119,22,0,0
119,23,0,0
119,24,0,0
119,25,-2.992,-2.6395
119,26,-2.6234,-0.477447
119,27,-1.00163,0.980204
119,28,-0.483542,0.0983333
119,29,-0.126458,0.0745833
119,30,-0.592609,-0.0354348
119,31,-1.0563,0.47087
119,32,-2.1037,0.0943478
119,33,-2.09356,1.95711
119,34,-1.89409,3.37682
119,35,-1.72077,3.93692
119,36,-0.162444,4.96267
119,37,0.307059,6.32647
119,38,1.26667,5.06444
119,39,0.419,3.579
119,40,1.05128,2.39538
119,41,4.8914,3.81581
119,42,6.53762,5.13881
119,43,6.39179,2.30385
119,44,5.19881,0.417857
119,45,6.375,1.19632
119,46,6.38405,2.20095
119,47,5.78143,1.09571
119,48,5.56406,2.51719
119,49,6.55757,3.10459
119,50,3.67292,4.81167
119,51,-1.625,4.16
119,52,0,0
119,53,0,0
119,54,0,0
119,55,0,0
119,56,0,0
119,57,0,0
119,58,0,0
119,59,0,0
119,60,0,0
119,61,0,0
119,62,0,0
119,63,0,0
119,64,0,0
119,65,0,0
120,20,0,0
120,21,0,0
120,22,0,0
120,23,1.0525,-0.5725
120,24,0.877143,-1.96571
120,25,-3.535,-4.47
120,26,-3.27444,-3.03667
120,27,-2.47152,-0.431212
120,28,-1.43458,0.8325
120,29,-0.532708,1.50396
120,30,-0.46234,0.559787
120,31,-1.2863,0.589783
120,32,-2.31891,0.508043
120,33,-3.01217,1.10304
120,34,-3.03231,2.68846
120,35,-2.99,4.24
120,36,-0.789,6.19133
120,37,-1.60861,6.8525
120,38,-0.695,8.445
120,39,0,0
120,40,2.02176,4.79235
120,41,4.39439,5.00439
120,42,5.92143,4.9969
120,43,5.9135,5.1805
120,44,2.7535,1.03175
120,45,5.51381,1.39167
120,46,6.75872,2.79051
120,47,6.55313,1.55094
120,48,5.46316,3.40395
120,49,5.45846,4.1641
120,50,2.02744,5.08641
120,51,-2.04656,4.05312
120,52,-1.37333,3.79
120,53,-2.63,-0.465
120,54,0,0
120,55,0,0
120,56,0,0
120,57,0,0
120,58,0,0
120,59,0,0
120,60,0,0
120,61,0,0
120,62,0,0
120,63,0,0
120,64,0,0
120,65,0,0
121,20,0,0
121,21,0,0
121,22,-4.50333,-2.16167
121,23,-0.517073,-0.209756
121,24,0.715714,0.14551
121,25,-0.910556,-0.536667
121,26,0,0
121,27,-1.31,-2.12
121,28,-1.06808,-0.858462
121,29,-0.738478,1.55935
121,30,-1.88667,1.43026
121,31,-2.15128,1.92692
121,32,-2.76487,1.13923
121,33,-3.73687,1.19125
121,34,-3.63,2.89
121,35,0,0
121,36,0.263333,7.04333
121,37,-0.105526,6.73079
121,38,0.322,8.308
121,39,-1.08,7.384
121,40,-0.955,7.925
121,41,1.33258,8.07387
121,42,2.89548,7.32857
121,43,5.16732,6.23683
121,44,2.98525,2.26625
121,45,4.25275,1.6105
121,46,5.44795,2.83154
121,47,5.50875,2.15975
121,48,6.14359,2.30128
121,49,4.99308,4.0359
121,50,1.51395,4.95868
121,51,-1.0327,4.32189
121,52,-1.31706,3.19412
121,53,-2.47571,-0.00392857
121,54,0,0
121,55,0,0
121,56,0,0
121,57,0,0
121,58,0,0
121,59,0,0
121,60,0,0
121,61,0,0
121,62,0,0
121,63,0,0
121,64,0,0
121,65,0,0
122,20,0,0
122,21,0,0
122,22,0,0
122,23,0,0
122,24,-0.942857,-0.157143
122,25,-3.39929,-0.437857
122,26,0,0
122,27,0,0
122,28,-1.315,-0.775
122,29,-2.261,0.908
122,30,-2.86,1.55882
122,31,-3.28,2.7075
122,32,-3.40143,2.45714
122,33,0,0
122,34,0,0
122,35,0,0
122,36,0,0
122,37,1.15826,7.8587
122,38,0,0
122,39,-1.03,5.5475
122,40,-2.15889,6.3937
122,41,1.34484,9.16516
122,42,2.30098,9.90439
122,43,2.945,8.80786
122,44,3.09146,4.7422
122,45,3.352,2.519
122,46,4.25325,3.6445
122,47,4.22075,3.49675
122,48,3.39974,1.78359
122,49,2.7759,3.34897
122,50,1.415,4.49368
122,51,-0.253077,4.54333
122,52,-0.797838,3.30486
122,53,-2.70912,0.560294
122,54,0,0
122,55,0,0
122,56,0,0
122,57,0,0
122,58,0,0
122,59,0,0
122,60,0,0
122,61,0,0
122,62,0,0
122,63,0,0
122,64,0,0
122,65,0,0
123,20,0,0
123,21,0,0
123,22,0,0
123,23,0,0
123,24,0,0
123,25,0,0
123,26,0,0
123,27,0,0
123,28,0,0
123,29,0,0
123,30,0,0
123,31,0,0
123,32,0,0
123,33,0,0
123,34,0,0
123,35,0,0
123,36,0,0
123,37,1.635,8.2
123,38,0,0
123,39,-1.66,7.96
123,40,-2.46917,4.49306
123,41,-1.00881,8.61381
123,42,1.783,10.0597
123,43,3.0022,10.8327
123,44,3.2945,8.084
123,45,3.276,4.1355
123,46,4.26875,4.0955
123,47,4.32205,4.87308
123,48,2.91308,2.47718
123,49,2.64205,2.18667
123,50,1.81842,3.20947
123,51,0.463333,4.08564
123,52,-1.16946,4.22405
123,53,-3.83895,1.34947
123,54,-6.93,-1.37
123,55,0,0
123,56,0,0
123,57,0,0
123,58,0,0
123,59,0,0
123,60,0,0
123,61,0,0
123,62,0,0
123,63,0,0
123,64,0,0
123,65,0,0
124,20,0,0
124,21,0,0
124,22,0,0
124,23,0,0
124,24,0,0
124,25,0,0
124,26,0,0
124,27,0,0
124,28,0,0
124,29,0,0
124,30,0,0
124,31,0,0
124,32,0,0
124,33,0,0
124,34,0,0
124,35,0,0
124,36,0,0
124,37,0,0
124,38,0,0
124,39,0,0
124,40,-2.51769,4.19923
124,41,-1.94976,7.04049
124,42,0.330238,9.9631
124,43,2.56244,10.961
124,44,3.3945,10.2228
124,45,2.82049,6.26537
124,46,3.56725,4.82925
124,47,3.57564,5.46077
124,48,2.56538,4.21308
124,49,2.41947,2.71632
124,50,2.06225,3.105
124,51,0.221667,4.18278
124,52,-1.56692,4.83923
124,53,-4.24057,2.28743
124,54,0,0
124,55,0,0
124,56,0,0
124,57,0,0
124,58,0,0
124,59,0,0
124,60,0,0
124,61,0,0
124,62,0,0
124,63,0,0
124,64,0,0
124,65,0,0
125,20,0,0
125,21,0,0
125,22,0,0
125,23,0,0
125,24,0,0
125,25,0,0
125,26,0,0
125,27,0,0
125,28,0,0
125,29,0,0
125,30,0,0
125,31,0,0
125,32,0,0
125,33,0,0
125,34,0,0
125,35,0,0
125,36,0,0
125,37,0,0
125,38,0,0
125,39,0,0
125,40,-1.155,6.035
125,41,0.563077,6.57462
125,42,0.966829,8.5739
125,43,2.59976,9.81366
125,44,3.61366,10.312
125,45,3.35795,8.69282
125,46,3.064,6.62175
125,47,2.79846,6.01282
125,48,1.693,5.91725
125,49,1.26077,5.47718
125,50,0.573421,5.66526
125,51,-0.535,5.67368
125,52,-1.71649,5.63054
125,53,-3.4572,3.6884
125,54,0,0
125,55,0,0
125,56,0,0
125,57,0,0
125,58,0,0
125,59,0,0
125,60,0,0
125,61,0,0
125,62,0,0
125,63,0,0
125,64,0,0
125,65,0,0
126,20,0,0
126,21,0,0
126,22,0,0
126,23,0,0
126,24,0,0
126,25,0,0
126,26,0,0
126,27,0,0
126,28,0,0
126,29,0,0
126,30,0,0
126,31,0,0
126,32,0,0
126,33,0,0
126,34,0,0
126,35,0,0
126,36,0,0
126,37,0,0
126,38,0,0
126,39,0,0
126,40,0,0
126,41,0.84,5.59476
126,42,1.06465,8.48744
126,43,1.71775,9.02525
126,44,2.80275,9.53825
126,45,3.66308,9.60846
126,46,3.29854,8.59122
126,47,2.57175,7.5015
126,48,1.28487,7.13923
126,49,-0.2,7.41447
126,50,-0.513784,7.65027
126,51,-0.561026,6.47744
126,52,-1.44919,5.45865
126,53,-2.685,4.396
126,54,0,0
126,55,0,0
126,56,0,0
126,57,0,0
126,58,0,0
126,59,0,0
126,60,0,0
126,61,0,0
126,62,0,0
126,63,0,0
126,64,0,0
126,65,0,0
127,20,0,0
127,21,0,0
127,22,0,0
127,23,0,0
127,24,0,0
127,25,0,0
127,26,0,0
127,27,0,0
127,28,0,0
127,29,0,0
127,30,0,0
127,31,0,0
127,32,0,0
127,33,0,0
127,34,0,0
127,35,0,0
127,36,0,0
127,37,0,0
127,38,0,0
127,39,0,0
127,40,0,0
127,41,0,0
127,42,1.79,7.18389
127,43,1.66951,7.71585
127,44,1.4535,8.4425
127,45,2.5981,9.51452
127,46,3.12128,9.25051
127,47,2.272,8.2095
127,48,0.686053,7.07316
127,49,0.340256,7.60538
127,50,0.231316,7.49658
127,51,-0.599545,6.60818
127,52,-1.18,5.56667
127,53,0,0
127,54,0,0
127,55,0,0
127,56,0,0
127,57,0,0
127,58,0,0
127,59,0,0
127,60,0,0
127,61,0,0
127,62,0,0
127,63,0,0
127,64,0,0
127,65,0,0
128,20,0,0
128,21,0,0
128,22,0,0
128,23,0,0
128,24,0,0
128,25,0,0
128,26,0,0
128,27,0,0
128,28,0,0
128,29,0,0
128,30,0,0
128,31,0,0
128,32,0,0
128,33,0,0
128,34,0,0
128,35,0,0
128,36,0,0
128,37,0,0
128,38,0,0
128,39,0,0
128,40,0,0
128,41,2.55333,2.41333
128,42,3.36176,5.95941
128,43,3.14525,6.734
128,44,2.15805,6.59561
128,45,2.69925,8.443
128,46,2.28051,8.21821
128,47,0.88075,7.7685
128,48,0.0871795,6.82821
128,49,0.408974,7.23667
128,50,0.624,7.252
128,51,0,0
128,52,0,0
128,53,0,0
128,54,0,0
128,55,0,0
128,56,0,0
128,57,0,0
128,58,0,0
128,59,0,0
128,60,0,0
128,61,0,0
128,62,0,0
128,63,0,0
128,64,0,0
128,65,0,0
129,20,0,0
129,21,0,0
129,22,0,0
129,23,0,0
129,24,0,0
129,25,0,0
129,26,0,0
129,27,0,0
129,28,0,0
129,29,0,0
129,30,0,0
129,31,0,0
129,32,0,0
129,33,0,0
129,34,0,0
129,35,0,0
129,36,0,0
129,37,0,0
129,38,0,0
129,39,0,0
129,40,0,0
129,41,0,0
129,42,3.9525,3.50417
129,43,3.8778,4.04927
129,44,3.20537,6.27512
129,45,2.45725,6.3605
129,46,2.87051,7.57359
129,47,1.97125,7.01275
129,48,0.196667,6.50744
129,49,0.667568,6.88892
129,50,0.42,6.395
129,51,0,0
129,52,0,0
129,53,0,0
129,54,0,0
129,55,0,0
129,56,0,0
129,57,0,0
129,58,0,0
129,59,0,0
129,60,0,0
129,61,0,0
129,62,0,0
129,63,0,0
129,64,0,0
129,65,0,0
130,20,0,0
130,21,0,0
130,22,0,0
130,23,0,0
130,24,0,0
130,25,0,0
130,26,0,0
130,27,0,0
130,28,0,0
130,29,0,0
130,30,0,0
130,31,0,0
130,32,0,0
130,33,0,0
130,34,0,0
130,35,0,0
130,36,0,0
130,37,0,0
130,38,0,0
130,39,0,0
130,40,0,0
130,41,0,0
130,42,0,0
130,43,0.955455,2.26455
130,44,2.22146,5.65878
130,45,2.70282,6.70846
130,46,2.69293,6.65024
130,47,2.31538,6.66795
130,48,1.36211,6.14763
130,49,0.999524,6.36857
130,50,0,0
130,51,0,0
130,52,0,0
130,53,0,0
130,54,0,0
130,55,0,0
130,56,0,0
130,57,0,0
130,58,0,0
130,59,0,0
130,60,0,0
130,61,0,0
130,62,0,0
130,63,0,0
130,64,0,0
130,65,0,0
131,20,0,0
131,21,0,0
131,22,0,0
131,23,0,0
131,24,0,0
131,25,0,0
131,26,0,0
131,27,0,0
131,28,0,0
131,29,0,0
131,30,0,0
131,31,0,0
131,32,0,0
131,33,0,0
131,34,0,0
131,35,0,0
131,36,0,0
131,37,0,0
131,38,0,0
131,39,0,0
131,40,0,0
131,41,0,0
131,42,-1.4,-0.29
131,43,2.0705,2.034
131,44,3.31897,3.91448
131,45,3.03091,5.31091
131,46,2.3365,5.92475
131,47,2.261,6.508
131,48,1.31222,6.15833
131,49,0,0
131,50,0,0
131,51,0,0
131,52,0,0
131,53,0,0
131,54,0,0
131,55,0,0
131,56,0,0
131,57,0,0
131,58,0,0
131,59,0,0
131,60,0,0
131,61,0,0
131,62,0,0
131,63,0,0
131,64,0,0
131,65,0,0
132,20,0,0
132,21,0,0
132,22,0,0
132,23,0,0
132,24,0,0
132,25,0,0
132,26,0,0
132,27,0,0
132,28,0,0
132,29,0,0
132,30,0,0
132,31,0,0
132,32,0,0
132,33,0,0
132,34,0,0
132,35,0,0
132,36,0,0
132,37,0,0
132,38,0,0
132,39,0,0
132,40,0,0
132,41,0,0
132,42,0,0
132,43,0,0
132,44,0,0
132,45,0.908182,5.84091
132,46,1.07447,5.38421
132,47,1.49659,5.76756
132,48,1.47429,5.80571
132,49,0,0
132,50,0,0
132,51,0,0
132,52,0,0
132,53,0,0
132,54,0,0
132,55,0,0
132,56,0,0
132,57,0,0
132,58,0,0
132,59,0,0
132,60,0,0
132,61,0,0
132,62,0,0
132,63,0,0
132,64,0,0
132,65,0,0
133,20,0,0
133,21,0,0
133,22,0,0
133,23,0,0
133,24,0,0
133,25,0,0
133,26,0,0
133,27,0,0
133,28,0,0
133,29,0,0
133,30,0,0
133,31,0,0
133,32,0,0
133,33,0,0
133,34,0,0
133,35,0,0
133,36,0,0
133,37,0,0
133,38,0,0
133,39,0,0
133,40,0,0
133,41,0,0
133,42,0,0
133,43,0,0
133,44,0,0
133,45,1.227,7.69
133,46,0.122564,6.09436
133,47,-0.0305128,6.15308
133,48,0.915263,5.92263
133,49,0,0
133,50,0,0
133,51,0,0
133,52,0,0
133,53,0,0
133,54,0,0
133,55,0,0
133,56,0,0
133,57,0,0
133,58,0,0
133,59,0,0
133,60,0,0
133,61,0,0
133,62,0,0
133,63,0,0
133,64,0,0
133,65,0,0
134,20,0,0
134,21,0,0
134,22,0,0
134,23,0,0
134,24,0,0
134,25,0,0
134,26,0,0
134,27,0,0
134,28,0,0
134,29,0,0
134,30,0,0
134,31,0,0
134,32,0,0
134,33,0,0
134,34,0,0
134,35,0,0
134,36,0,0
134,37,0,0
134,38,0,0
134,39,0,0
134,40,0,0
134,41,0,0
134,42,0,0
134,43,0,0
134,44,0,0
134,45,0,0
134,46,1.12,5.245
134,47,0.390833,5.5175
134,48,1.13533,5.29867
134,49,0,0
134,50,0,0
134,51,0,0
134,52,0,0
134,53,0,0
134,54,0,0
134,55,0,0
134,56,0,0
134,57,0,0
134,58,0,0
134,59,0,0
134,60,0,0
134,61,0,0
134,62,0,0
134,63,0,0
134,64,0,0
134,65,0,0
135,20,0,0
135,21,0,0
135,22,0,0
135,23,0,0
135,24,0,0
135,25,0,0
135,26,0,0
135,27,0,0
135,28,0,0
135,29,0,0
135,30,0,0
135,31,0,0
135,32,0,0
135,33,0,0
135,34,0,0
135,35,0,0
135,36,0,0
135,37,0,0
135,38,0,0
135,39,0,0
135,40,0,0
135,41,0,0
135,42,0,0
135,43,0,0
135,44,0,0
135,45,0,0
135,46,0,0
135,47,0,0
135,48,1.06429,5.57286
135,49,0,0
135,50,0,0
135,51,0,0
135,52,0,0
135,53,0,0
135,54,0,0
135,55,0,0
135,56,0,0
135,57,0,0
135,58,0,0
135,59,0,0
135,60,0,0
135,61,0,0
135,62,0,0
135,63,0,0
135,64,0,0
135,65,0,0
136,20,0,0
136,21,0,0
136,22,0,0
136,23,0,0
136,24,0,0
136,25,0,0
136,26,0,0
136,27,0,0
136,28,0,0
136,29,0,0
136,30,0,0
136,31,0,0
136,32,0,0
136,33,0,0
136,34,0,0
136,35,0,0
136,36,0,0
136,37,0,0
136,38,0,0
136,39,0,0
136,40,0,0
136,41,0,0
136,42,0,0
136,43,0,0
136,44,0,0
136,45,0,0
136,46,0,0
136,47,0,0
136,48,0,0
136,49,0,0
136,50,0,0
136,51,0,0
136,52,0,0
136,53,0,0
136,54,0,0
136,55,0,0
136,56,0,0
136,57,0,0
136,58,0,0
136,59,0,0
136,60,0,0
136,61,0,0
136,62,0,0
136,63,0,0
136,64,0,0
136,65,0,0
137,20,0,0
137,21,0,0
137,22,0,0
137,23,0,0
137,24,0,0
137,25,0,0
137,26,0,0
137,27,0,0
137,28,0,0
137,29,0,0
137,30,0,0
137,31,0,0
137,32,0,0
137,33,0,0
137,34,0,0
137,35,0,0
137,36,0,0
137,37,0,0
137,38,0,0
137,39,0,0
137,40,0,0
137,41,0,0
137,42,0,0
137,43,0,0
137,44,0,0
137,45,0,0
137,46,0,0
137,47,0,0
137,48,0,0
137,49,0,0
137,50,0,0
137,51,0,0
137,52,0,0
137,53,0,0
137,54,0,0
137,55,0,0
137,56,0,0
137,57,0,0
137,58,0,0
137,59,0,0
137,60,0,0
137,61,0,0
137,62,0,0
137,63,0,0
137,64,0,0
137,65,0,0
138,20,0,0
138,21,0,0
138,22,0,0
138,23,0,0
138,24,0,0
138,25,0,0
138,26,0,0
138,27,0,0
138,28,0,0
138,29,0,0
138,30,0,0
138,31,0,0
138,32,0,0
138,33,0,0
138,34,0,0
138,35,0,0
138,36,0,0
138,37,0,0
138,38,0,0
138,39,0,0
138,40,0,0
138,41,0,0
138,42,0,0
138,43,0,0
138,44,0,0
138,45,0,0
138,46,0,0
138,47,0,0
138,48,0,0
138,49,0,0
138,50,0,0
138,51,0,0
138,52,0,0
138,53,0,0
138,54,0,0
138,55,0,0
138,56,0,0
138,57,0,0
138,58,0,0
138,59,0,0
138,60,0,0
138,61,0,0
138,62,0,0
138,63,0,0
138,64,0,0
138,65,0,0
139,20,0,0
139,21,0,0
139,22,0,0
139,23,0,0
139,24,0,0
139,25,0,0
139,26,0,0
139,27,0,0
139,28,0,0
139,29,0,0
139,30,0,0
139,31,0,0
139,32,0,0
139,33,0,0
139,34,0,0
139,35,0,0
139,36,0,0
139,37,0,0
139,38,0,0
139,39,0,0
139,40,0,0
139,41,0,0
139,42,0,0
139,43,0,0
139,44,0,0
139,45,0,0
139,46,0,0
139,47,0,0
139,48,0,0
139,49,0,0
139,50,0,0
139,51,0,0
139,52,0,0
139,53,0,0
139,54,0,0
139,55,0,0
139,56,0,0
139,57,0,0
139,58,0,0
139,59,0,0
139,60,0,0
139,61,0,0
139,62,0,0
139,63,0,0
139,64,0,0
139,65,0,0
140,20,0,0
140,21,0,0
140,22,0,0
140,23,0,0
140,24,0,0
140,25,0,0
140,26,0,0
140,27,0,0
140,28,0,0
140,29,0,0
140,30,0,0
140,31,0,0
140,32,0,0
140,33,0,0
140,34,0,0
140,35,0,0
140,36,0,0
140,37,0,0
140,38,0,0
140,39,0,0
140,40,0,0
140,41,0,0
140,42,0,0
140,43,0,0
140,44,0,0
140,45,0,0
140,46,0,0
140,47,0,0
140,48,0,0
140,49,0,0
140,50,0,0
140,51,0,0
140,52,0,0
140,53,0,0
140,54,0,0
140,55,0,0
140,56,0,0
140,57,0,0
140,58,0,0
140,59,0,0
140,60,0,0
140,61,0,0
140,62,0,0
140,63,0,0
140,64,0,0
140,65,0,0
