lon,lat,U,V
60,20,0,0
60,21,0,0
60,22,0,0
60,23,0,0
60,24,0,0
60,25,0,0
60,26,0,0
60,27,0,0
60,28,0,0
60,29,0,0
60,30,0,0
60,31,0,0
60,32,0,0
60,33,0,0
60,34,0,0
60,35,0,0
60,36,0,0
60,37,0,0
60,38,0,0
60,39,0,0
60,40,0,0
60,41,0,0
60,42,0,0
60,43,0,0
60,44,0,0
60,45,0,0
60,46,0,0
60,47,0,0
60,48,0,0
60,49,0,0
60,50,0,0
60,51,0,0
60,52,0,0
60,53,0,0
60,54,0,0
60,55,0,0
60,56,0,0
60,57,0,0
60,58,0,0
60,59,0,0
60,60,0,0
60,61,0,0
60,62,0,0
60,63,0,0
60,64,0,0
60,65,0,0
61,20,0,0
61,21,0,0
61,22,0,0
61,23,0,0
61,24,0,0
61,25,0,0
61,26,0,0
61,27,0,0
61,28,0,0
61,29,0,0
61,30,0,0
61,31,0,0
61,32,0,0
61,33,0,0
61,34,0,0
61,35,0,0
61,36,0,0
61,37,0,0
61,38,0,0
61,39,0,0
61,40,0,0
61,41,0,0
61,42,0,0
61,43,0,0
61,44,0,0
61,45,0,0
61,46,0,0
61,47,0,0
61,48,0,0
61,49,0,0
61,50,0,0
61,51,0,0
61,52,0,0
61,53,0,0
61,54,0,0
61,55,0,0
61,56,0,0
61,57,0,0
61,58,0,0
61,59,0,0
61,60,0,0
61,61,0,0
61,62,0,0
61,63,0,0
61,64,0,0
61,65,0,0
62,20,0,0
62,21,0,0
62,22,0,0
62,23,0,0
62,24,0,0
62,25,0,0
62,26,0,0
62,27,0,0
62,28,0,0
62,29,0,0
62,30,0,0
62,31,0,0
62,32,0,0
62,33,0,0
62,34,0,0
62,35,0,0
62,36,0,0
62,37,0,0
62,38,0,0
62,39,0,0
62,40,0,0
62,41,0,0
62,42,0,0
62,43,0,0
62,44,0,0
62,45,0,0
62,46,0,0
62,47,0,0
62,48,0,0
62,49,0,0
62,50,0,0
62,51,0,0
62,52,0,0
62,53,0,0
62,54,0,0
62,55,0,0
62,56,0,0
62,57,0,0
62,58,0,0
62,59,0,0
62,60,0,0
62,61,0,0
62,62,0,0
62,63,0,0
62,64,0,0
62,65,0,0
63,20,0,0
63,21,0,0
63,22,0,0
63,23,0,0
63,24,0,0
63,25,0,0
63,26,0,0
63,27,0,0
63,28,0,0
63,29,0,0
63,30,0,0
63,31,0,0
63,32,0,0
63,33,0,0
63,34,0,0
63,35,0,0
63,36,0,0
63,37,0,0
63,38,0,0
63,39,0,0
63,40,0,0
63,41,0,0
63,42,0,0
63,43,0,0
63,44,0,0
63,45,0,0
63,46,0,0
63,47,0,0
63,48,0,0
63,49,0,0
63,50,0,0
63,51,0,0
63,52,0,0
63,53,0,0
63,54,0,0
63,55,0,0
63,56,0,0
63,57,0,0
63,58,0,0
63,59,0,0
63,60,0,0
63,61,0,0
63,62,0,0
63,63,0,0
63,64,0,0
63,65,0,0
64,20,0,0
64,21,0,0
64,22,0,0
64,23,0,0
64,24,0,0
64,25,0,0
64,26,0,0
64,27,0,0
64,28,0,0
64,29,0,0
64,30,0,0
64,31,0,0
64,32,0,0
64,33,0,0
64,34,0,0
64,35,0,0
64,36,0,0
64,37,0,0
64,38,0,0
64,39,0,0
64,40,0,0
64,41,0,0
64,42,0,0
64,43,0,0
64,44,0,0
64,45,0,0
64,46,0,0
64,47,0,0
64,48,0,0
64,49,0,0
64,50,0,0
64,51,0,0
64,52,0,0
64,53,0,0
64,54,0,0
64,55,0,0
64,56,0,0
64,57,0,0
64,58,0,0
64,59,0,0
64,60,0,0
64,61,0,0
64,62,0,0
64,63,0,0
64,64,0,0
64,65,0,0
65,20,0,0
65,21,0,0
65,22,0,0
65,23,0,0
65,24,0,0
65,25,0,0
65,26,0,0
65,27,0,0
65,28,0,0
65,29,0,0
65,30,0,0
65,31,0,0
65,32,0,0
65,33,0,0
65,34,0,0
65,35,0,0
65,36,0,0
65,37,0,0
65,38,0,0
65,39,0,0
65,40,0,0
65,41,0,0
65,42,0,0
65,43,0,0
65,44,0,0
65,45,0,0
65,46,0,0
65,47,0,0
65,48,0,0
65,49,0,0
65,50,0,0
65,51,0,0
65,52,0,0
65,53,0,0
65,54,0,0
65,55,0,0
65,56,0,0
65,57,0,0
65,58,0,0
65,59,0,0
65,60,0,0
65,61,0,0
65,62,0,0
65,63,0,0
65,64,0,0
65,65,0,0
66,20,0,0
66,21,0,0
66,22,0,0
66,23,0,0
66,24,0,0
66,25,0,0
66,26,0,0
66,27,0,0
66,28,0,0
66,29,0,0
66,30,0,0
66,31,0,0
66,32,0,0
66,33,0,0
66,34,0,0
66,35,0,0
66,36,0,0
66,37,0,0
66,38,0,0
66,39,0,0
66,40,0,0
66,41,0,0
66,42,0,0
66,43,0,0
66,44,0,0
66,45,0,0
66,46,0,0
66,47,0,0
66,48,0,0
66,49,0,0
66,50,0,0
66,51,0,0
66,52,0,0
66,53,0,0
66,54,0,0
66,55,0,0
66,56,0,0
66,57,0,0
66,58,0,0
66,59,0,0
66,60,0,0
66,61,0,0
66,62,0,0
66,63,0,0
66,64,0,0
66,65,0,0
67,20,0,0
67,21,0,0
67,22,0,0
67,23,0,0
67,24,0,0
67,25,0,0
67,26,0,0
67,27,0,0
67,28,0,0
67,29,0,0
67,30,0,0
67,31,0,0
67,32,0,0
67,33,0,0
67,34,0,0
67,35,0,0
67,36,0,0
67,37,0,0
67,38,0,0
67,39,0,0
67,40,0,0
67,41,0,0
67,42,0,0
67,43,0,0
67,44,0,0
67,45,0,0
67,46,0,0
67,47,0,0
67,48,0,0
67,49,0,0
67,50,0,0
67,51,0,0
67,52,0,0
67,53,0,0
67,54,0,0
67,55,0,0
67,56,0,0
67,57,0,0
67,58,0,0
67,59,0,0
67,60,0,0
67,61,0,0
67,62,0,0
67,63,0,0
67,64,0,0
67,65,0,0
68,20,0,0
68,21,0,0
68,22,0,0
68,23,0,0
68,24,0,0
68,25,0,0
68,26,0,0
68,27,0,0
68,28,0,0
68,29,0,0
68,30,0,0
68,31,0,0
68,32,0,0
68,33,0,0
68,34,0,0
68,35,0,0
68,36,0,0
68,37,0,0
68,38,0,0
68,39,0,0
68,40,0,0
68,41,0,0
68,42,0,0
68,43,0,0
68,44,0,0
68,45,0,0
68,46,0,0
68,47,0,0
68,48,0,0
68,49,0,0
68,50,0,0
68,51,0,0
68,52,0,0
68,53,0,0
68,54,0,0
68,55,0,0
68,56,0,0
68,57,0,0
68,58,0,0
68,59,0,0
68,60,0,0
68,61,0,0
68,62,0,0
68,63,0,0
68,64,0,0
68,65,0,0
69,20,0,0
69,21,0,0
69,22,0,0
69,23,0,0
69,24,0,0
69,25,0,0
69,26,0,0
69,27,0,0
69,28,0,0
69,29,0,0
69,30,0,0
69,31,0,0
69,32,0,0
69,33,0,0
69,34,0,0
69,35,0,0
69,36,0,0
69,37,0,0
69,38,0,0
69,39,0,0
69,40,0,0
69,41,0,0
69,42,0,0
69,43,0,0
69,44,0,0
69,45,0,0
69,46,0,0
69,47,0,0
69,48,0,0
69,49,0,0
69,50,0,0
69,51,0,0
69,52,0,0
69,53,0,0
69,54,0,0
69,55,0,0
69,56,0,0
69,57,0,0
69,58,0,0
69,59,0,0
69,60,0,0
69,61,0,0
69,62,0,0
69,63,0,0
69,64,0,0
69,65,0,0
70,20,0,0
70,21,0,0
70,22,0,0
70,23,0,0
70,24,0,0
70,25,0,0
70,26,0,0
70,27,0,0
70,28,0,0
70,29,0,0
70,30,0,0
70,31,0,0
70,32,0,0
70,33,0,0
70,34,0,0
70,35,0,0
70,36,0,0
70,37,0,0
70,38,0,0
70,39,0,0
70,40,0,0
70,41,0,0
70,42,0,0
70,43,0,0
70,44,0,0
70,45,0,0
70,46,0,0
70,47,0,0
70,48,0,0
70,49,0,0
70,50,0,0
70,51,0,0
70,52,0,0
70,53,0,0
70,54,0,0
70,55,0,0
70,56,0,0
70,57,0,0
70,58,0,0
70,59,0,0
70,60,0,0
70,61,0,0
70,62,0,0
70,63,0,0
70,64,0,0
70,65,0,0
71,20,0,0
71,21,0,0
71,22,0,0
71,23,0,0
71,24,0,0
71,25,0,0
71,26,0,0
71,27,0,0
71,28,0,0
71,29,0,0
71,30,0,0
71,31,0,0
71,32,0,0
71,33,0,0
71,34,0,0
71,35,0,0
71,36,0,0
71,37,0,0
71,38,0,0
71,39,0,0
71,40,0,0
71,41,0,0
71,42,0,0
71,43,0,0
71,44,0,0
71,45,0,0
71,46,0,0
71,47,0,0
71,48,0,0
71,49,0,0
71,50,0,0
71,51,0,0
71,52,0,0
71,53,0,0
71,54,0,0
71,55,0,0
71,56,0,0
71,57,0,0
71,58,0,0
71,59,0,0
71,60,0,0
71,61,0,0
71,62,0,0
71,63,0,0
71,64,0,0
71,65,0,0
72,20,0,0
72,21,0,0
72,22,0,0
72,23,0,0
72,24,0,0
72,25,0,0
72,26,0,0
72,27,0,0
72,28,0,0
72,29,0,0
72,30,0,0
72,31,0,0
72,32,0,0
72,33,0,0
72,34,0,0
72,35,0,0
72,36,0,0
72,37,0,0
72,38,0,0
72,39,0,0
72,40,0,0
72,41,0,0
72,42,0,0
72,43,0,0
72,44,0,0
72,45,0,0
72,46,0,0
72,47,0,0
72,48,0,0
72,49,0,0
72,50,0,0
72,51,0,0
72,52,0,0
72,53,0,0
72,54,0,0
72,55,0,0
72,56,0,0
72,57,0,0
72,58,0,0
72,59,0,0
72,60,0,0
72,61,0,0
72,62,0,0
72,63,0,0
72,64,0,0
72,65,0,0
73,20,0,0
73,21,0,0
73,22,0,0
73,23,0,0
73,24,0,0
73,25,0,0
73,26,0,0
73,27,0,0
73,28,0,0
73,29,0,0
73,30,0,0
73,31,0,0
73,32,0,0
73,33,0,0
73,34,0,0
73,35,0,0
73,36,0,0
73,37,0,0
73,38,0,0
73,39,0,0
73,40,0,0
73,41,0,0
73,42,0,0
73,43,0,0
73,44,0,0
73,45,0,0
73,46,0,0
73,47,0,0
73,48,0,0
73,49,0,0
73,50,0,0
73,51,0,0
73,52,0,0
73,53,0,0
73,54,0,0
73,55,0,0
73,56,0,0
73,57,0,0
73,58,0,0
73,59,0,0
73,60,0,0
73,61,0,0
73,62,0,0
73,63,0,0
73,64,0,0
73,65,0,0
74,20,0,0
74,21,0,0
74,22,0,0
74,23,0,0
74,24,0,0
74,25,0,0
74,26,0,0
74,27,0,0
74,28,0,0
74,29,0,0
74,30,0,0
74,31,0,0
74,32,0,0
74,33,0,0
74,34,0,0
74,35,0,0
74,36,0,0
74,37,0,0
74,38,0,0
74,39,11.4547,-0.723125
74,40,7.76333,-4.584
74,41,0,0
74,42,0,0
74,43,0,0
74,44,0,0
74,45,0,0
74,46,0,0
74,47,0,0
74,48,0,0
74,49,0,0
74,50,0,0
74,51,0,0
74,52,0,0
74,53,0,0
74,54,0,0
74,55,0,0
74,56,0,0
74,57,0,0
74,58,0,0
74,59,0,0
74,60,0,0
74,61,0,0
74,62,0,0
74,63,0,0
74,64,0,0
74,65,0,0
75,20,0,0
75,21,0,0
75,22,0,0
75,23,0,0
75,24,0,0
75,25,0,0
75,26,0,0
75,27,0,0
75,28,0,0
75,29,0,0
75,30,0,0
75,31,0,0
75,32,0,0
75,33,0,0
75,34,0,0
75,35,0,0
75,36,0,0
75,37,11.7475,4.03
75,38,11.5752,-0.253333
75,39,7.06951,1.51512
75,40,5.5175,-4.56525
75,41,6.09,-2.84
75,42,0,0
75,43,0,0
75,44,0,0
75,45,0,0
75,46,0,0
75,47,0,0
75,48,0,0
75,49,0,0
75,50,0,0
75,51,0,0
75,52,0,0
75,53,0,0
75,54,0,0
75,55,0,0
75,56,0,0
75,57,0,0
75,58,0,0
75,59,0,0
75,60,0,0
75,61,0,0
75,62,0,0
75,63,0,0
75,64,0,0
75,65,0,0
76,20,0,0
76,21,0,0
76,22,0,0
76,23,0,0
76,24,0,0
76,25,0,0
76,26,0,0
76,27,0,0
76,28,0,0
76,29,0,0
76,30,0,0
76,31,0,0
76,32,0,0
76,33,0,0
76,34,0,0
76,35,0,0
76,36,13.21,7.17714
76,37,11.9331,1.41718
76,38,7.68442,-1.7786
76,39,0.656905,-0.734524
76,40,2.18947,-1.71974
76,41,7.35,-2.55
76,42,0,0
76,43,0,0
76,44,0,0
76,45,0,0
76,46,0,0
76,47,0,0
76,48,0,0
76,49,0,0
76,50,0,0
76,51,0,0
76,52,0,0
76,53,0,0
76,54,0,0
76,55,0,0
76,56,0,0
76,57,0,0
76,58,0,0
76,59,0,0
76,60,0,0
76,61,0,0
76,62,0,0
76,63,0,0
76,64,0,0
76,65,0,0
77,20,0,0
77,21,0,0
77,22,0,0
77,23,0,0
77,24,0,0
77,25,0,0
77,26,0,0
77,27,0,0
77,28,0,0
77,29,0,0
77,30,0,0
77,31,0,0
77,32,0,0
77,33,0,0
77,34,0,0
77,35,0,0
77,36,11.8078,4.85297
77,37,6.12489,1.17622
77,38,0.933095,-0.659048
77,39,-0.854048,0.00738095
77,40,0.862683,-0.139512
77,41,7.301,-5.606
77,42,0,0
77,43,0,0
77,44,0,0
77,45,0,0
77,46,0,0
77,47,0,0
77,48,0,0
77,49,0,0
77,50,0,0
77,51,0,0
77,52,0,0
77,53,0,0
77,54,0,0
77,55,0,0
77,56,0,0
77,57,0,0
77,58,0,0
77,59,0,0
77,60,0,0
77,61,0,0
77,62,0,0
77,63,0,0
77,64,0,0
77,65,0,0
78,20,0,0
78,21,0,0
78,22,0,0
78,23,0,0
78,24,0,0
78,25,0,0
78,26,0,0
78,27,0,0
78,28,0,0
78,29,0,0
78,30,0,0
78,31,0,0
78,32,0,0
78,33,0,0
78,34,0,0
78,35,8.91714,3.99214
78,36,12.7777,3.28977
78,37,6.98286,0.117619
78,38,1.68,-0.230682
78,39,-1.96762,-0.419048
78,40,1.54907,-0.564651
78,41,8.68444,-4.19278
78,42,0,0
78,43,0,0
78,44,0,0
78,45,0,0
78,46,0,0
78,47,0,0
78,48,0,0
78,49,0,0
78,50,0,0
78,51,0,0
78,52,0,0
78,53,0,0
78,54,0,0
78,55,0,0
78,56,0,0
78,57,0,0
78,58,0,0
78,59,0,0
78,60,0,0
78,61,0,0
78,62,0,0
78,63,0,0
78,64,0,0
78,65,0,0
79,20,0,0
79,21,0,0
79,22,0,0
79,23,0,0
79,24,0,0
79,25,0,0
79,26,0,0
79,27,0,0
79,28,0,0
79,29,0,0
79,30,0,0
79,31,6.49071,1.34429
79,32,4.62553,0.167632
79,33,8.79211,0.694737
79,34,9.41645,-1.23387
79,35,12.5011,1.63386
79,36,11.1119,1.84837
79,37,3.51302,-0.939302
79,38,0.184884,-0.210465
79,39,-1.79238,-0.305238
79,40,-1.26512,-0.958605
79,41,2.73,-0.401429
79,42,4.05125,-3.0525
79,43,0,0
79,44,0,0
79,45,0,0
79,46,0,0
79,47,0,0
79,48,0,0
79,49,0,0
79,50,0,0
79,51,0,0
79,52,0,0
79,53,0,0
79,54,0,0
79,55,0,0
79,56,0,0
79,57,0,0
79,58,0,0
79,59,0,0
79,60,0,0
79,61,0,0
79,62,0,0
79,63,0,0
79,64,0,0
79,65,0,0
80,20,0,0
80,21,0,0
80,22,0,0
80,23,0,0
80,24,0,0
80,25,0,0
80,26,0,0
80,27,0,0
80,28,0,0
80,29,0,0
80,30,0,0
80,31,4.25528,-0.701944
80,32,5.7017,0.894894
80,33,9.48682,-1.39909
80,34,10.6427,-2.19636
80,35,7.2325,-0.827045
80,36,8.36841,0.797045
80,37,1.5386,-0.425581
80,38,-1.76818,0.607955
80,39,-1.08767,1.02698
80,40,-1.58881,-0.834762
80,41,-0.79,-1.32585
80,42,5.19385,-2.98615
80,43,2.946,0.042
80,44,5.61,-0.34
80,45,15.2886,1.5
80,46,0,0
80,47,0,0
80,48,0,0
80,49,0,0
80,50,0,0
80,51,0,0
80,52,0,0
80,53,0,0
80,54,0,0
80,55,0,0
80,56,0,0
80,57,0,0
80,58,0,0
80,59,0,0
80,60,0,0
80,61,0,0
80,62,0,0
80,63,0,0
80,64,0,0
80,65,0,0
81,20,0,0
81,21,0,0
81,22,0,0
81,23,0,0
81,24,0,0
81,25,0,0
81,26,0,0
81,27,0,0
81,28,0,0
81,29,0,0
81,30,4.26889,-2.56556
81,31,5.95574,-1.70064
81,32,9.04432,-1.21455
81,33,7.7183,-2.09894
81,34,8.34422,-0.514667
81,35,8.98356,-1.34689
81,36,6.91767,-0.227674
81,37,-0.474186,0.534419
81,38,-2.68,0.893953
81,39,-1.43419,1.22186
81,40,-1.24095,0.730952
81,41,-2.2331,-2.18238
81,42,4.14171,-1.99098
81,43,5.43447,0.107105
81,44,-0.0173684,1.20026
81,45,6.83923,3.06154
81,46,0,0
81,47,0,0
81,48,0,0
81,49,0,0
81,50,0,0
81,51,0,0
81,52,0,0
81,53,0,0
81,54,0,0
81,55,0,0
81,56,0,0
81,57,0,0
81,58,0,0
81,59,0,0
81,60,0,0
81,61,0,0
81,62,0,0
81,63,0,0
81,64,0,0
81,65,0,0
82,20,0,0
82,21,0,0
82,22,0,0
82,23,0,0
82,24,0,0
82,25,0,0
82,26,0,0
82,27,0,0
82,28,0,0
82,29,0,0
82,30,7.256,-0.941
82,31,7.92646,-2.47917
82,32,8.95809,-1.70043
82,33,8.64205,-2.97364
82,34,10.2675,-1.30614
82,35,9.92867,-2.18422
82,36,7.58614,-0.545
82,37,-0.483864,0.259318
82,38,-3.0986,0.920698
82,39,-1.83073,1.05854
82,40,-1.29674,1.18721
82,41,-1.5515,-1.291
82,42,1.54976,-1.03881
82,43,3.59475,0.977
82,44,-0.137619,4.33024
82,45,1.37719,0.468437
82,46,-0.543333,-1.26667
82,47,0,0
82,48,0,0
82,49,0,0
82,50,0,0
82,51,0,0
82,52,0,0
82,53,0,0
82,54,0,0
82,55,0,0
82,56,0,0
82,57,0,0
82,58,0,0
82,59,0,0
82,60,0,0
82,61,0,0
82,62,0,0
82,63,0,0
82,64,0,0
82,65,0,0
83,20,0,0
83,21,0,0
83,22,0,0
83,23,0,0
83,24,0,0
83,25,0,0
83,26,0,0
83,27,0,0
83,28,0,0
83,29,5.83,1.98
83,30,6.15308,-0.709744
83,31,8.26696,-2.84
83,32,8.80378,-3.05733
83,33,8.07739,-2.5763
83,34,9.09795,-1.45227
83,35,9.12311,-1.55533
83,36,8.66744,-1.58512
83,37,0.304667,-0.0946667
83,38,-3.65537,0.567073
83,39,-2.44302,1.4014
83,40,-0.835952,1.56405
83,41,-0.325,0.00886364
83,42,0.005,-1.922
83,43,4.20952,1.81643
83,44,-0.682308,4.12538
83,45,-0.598049,-0.561463
83,46,3.06595,0.603784
83,47,-1.37176,1.26529
83,48,0,0
83,49,0,0
83,50,0,0
83,51,0,0
83,52,0,0
83,53,0,0
83,54,0,0
83,55,0,0
83,56,0,0
83,57,0,0
83,58,0,0
83,59,0,0
83,60,0,0
83,61,0,0
83,62,0,0
83,63,0,0
83,64,0,0
83,65,0,0
84,20,0,0
84,21,0,0
84,22,0,0
84,23,0,0
84,24,0,0
84,25,0,0
84,26,0,0
84,27,0,0
84,28,0,0
84,29,8.56438,-1.69
84,30,7.11404,-1.64532
84,31,8.67422,-2.618
84,32,7.61213,-5.21617
84,33,8.556,-2.18622
84,34,8.56935,-1.41391
84,35,7.42884,-0.350233
84,36,7.03227,-0.838864
84,37,3.99419,1.36163
84,38,-3.39477,0.349545
84,39,-2.47093,1.08302
84,40,-0.551163,1.40605
84,41,0.41875,0.60475
84,42,1.93452,-0.442857
84,43,1.0805,0.96025
84,44,2.55878,3.18463
84,45,-2.59975,-1.21575
84,46,2.45125,-0.64325
84,47,5.8575,2.2355
84,48,0,0
84,49,0,0
84,50,0,0
84,51,0,0
84,52,0,0
84,53,0,0
84,54,0,0
84,55,0,0
84,56,0,0
84,57,0,0
84,58,0,0
84,59,0,0
84,60,0,0
84,61,0,0
84,62,0,0
84,63,0,0
84,64,0,0
84,65,0,0
85,20,0,0
85,21,0,0
85,22,0,0
85,23,0,0
85,24,0,0
85,25,0,0
85,26,0,0
85,27,0,0
85,28,-1.835,1.125
85,29,6.69045,-1.59477
85,30,8.67766,-1.94085
85,31,3.90022,-3.59435
85,32,6.20978,-4.99565
85,33,8.42,-2.57844
85,34,7.47222,-0.531111
85,35,7.31955,0.6175
85,36,6.47533,0.543111
85,37,7.48488,1.65419
85,38,-2.05095,0.48381
85,39,-2.26023,0.537442
85,40,-0.42878,0.949756
85,41,0.221395,0.580465
85,42,2.27561,-0.900244
85,43,2.81707,-0.191951
85,44,5.726,1.91575
85,45,-2.96051,-2.02231
85,46,2.82805,-1.79
85,47,7.90545,-0.241364
85,48,0,0
85,49,0,0
85,50,0,0
85,51,0,0
85,52,0,0
85,53,0,0
85,54,0,0
85,55,0,0
85,56,0,0
85,57,0,0
85,58,0,0
85,59,0,0
85,60,0,0
85,61,0,0
85,62,0,0
85,63,0,0
85,64,0,0
85,65,0,0
86,20,0,0
86,21,0,0
86,22,0,0
86,23,0,0
86,24,0,0
86,25,0,0
86,26,0,0
86,27,0,0
86,28,3.8519,2.09952
86,29,8.65617,-1.3117
86,30,7.56957,-2.48239
86,31,4.00125,-3.67167
86,32,6.87068,-4.61591
86,33,7.60087,-2.61022
86,34,7.45378,-0.714444
86,35,7.69289,0.234
86,36,7.37814,0.823953
86,37,9.14409,1.79614
86,38,0.864762,1.12286
86,39,-2.79047,-0.286744
86,40,-0.647857,0.720952
86,41,0.118049,1.2561
86,42,2.36167,-0.126905
86,43,5.18195,-0.516098
86,44,2.90634,0.472439
86,45,-2.76275,-0.793
86,46,-0.16225,-1.186
86,47,5.11943,0.104571
86,48,-1.32212,3.44667
86,49,0,0
86,50,0,0
86,51,0,0
86,52,0,0
86,53,0,0
86,54,0,0
86,55,0,0
86,56,0,0
86,57,0,0
86,58,0,0
86,59,0,0
86,60,0,0
86,61,0,0
86,62,0,0
86,63,0,0
86,64,0,0
86,65,0,0
87,20,0,0
87,21,0,0
87,22,0,0
87,23,0,0
87,24,0,0
87,25,0,0
87,26,0,0
87,27,0,0
87,28,7.25846,1.86769
87,29,8.4517,-1.0283
87,30,5.49766,-2.03745
87,31,1.12447,-2.82191
87,32,4.84244,-3.83156
87,33,6.49756,-2.23689
87,34,6.82533,-0.127333
87,35,6.26837,0.407907
87,36,6.33091,0.724773
87,37,8.24955,2.12023
87,38,2.65318,2.74386
87,39,-2.69561,-1.16732
87,40,-1.14651,-0.0623256
87,41,-0.602381,0.735714
87,42,2.45634,1.02805
87,43,5.87683,-1.17805
87,44,0.54725,1.59775
87,45,-3.32976,1.15951
87,46,-0.71575,0.05625
87,47,1.949,0.7275
87,48,-1.30436,4.08231
87,49,4.63737,7.69105
87,50,0,0
87,51,0,0
87,52,0,0
87,53,0,0
87,54,0,0
87,55,0,0
87,56,0,0
87,57,0,0
87,58,0,0
87,59,0,0
87,60,0,0
87,61,0,0
87,62,0,0
87,63,0,0
87,64,0,0
87,65,0,0
88,20,0,0
88,21,0,0
88,22,0,0
88,23,0,0
88,24,0,0
88,25,0,0
88,26,0,0
88,27,0,0
88,28,5.5025,2.66
88,29,6.25438,0.88
88,30,1.30979,-0.782292
88,31,2.24244,-1.00089
88,32,4.33283,-1.78739
88,33,5.36348,-1.68217
88,34,6.23511,0.121333
88,35,5.58442,0.843488
88,36,6.92909,1.23841
88,37,9.31909,0.341364
88,38,8.64791,3.17814
88,39,-0.942093,-0.688372
88,40,-2.1681,-0.780476
88,41,0.494878,-0.626829
88,42,3.40675,0.809
88,43,0.142381,0.929048
88,44,-2.69049,2.55415
88,45,-4.34128,2.42667
88,46,-1.6535,2.12675
88,47,-0.155897,3.99103
88,48,0.262895,4.33921
88,49,7.50273,8.10182
88,50,0,0
88,51,0,0
88,52,0,0
88,53,0,0
88,54,0,0
88,55,0,0
88,56,0,0
88,57,0,0
88,58,0,0
88,59,0,0
88,60,0,0
88,61,0,0
88,62,0,0
88,63,0,0
88,64,0,0
88,65,0,0
89,20,0,0
89,21,0,0
89,22,0,0
89,23,0,0
89,24,0,0
89,25,0,0
89,26,0,0
89,27,1.66333,0.206667
89,28,4.68909,0.950909
89,29,5.35146,1.12271
89,30,2.64511,0.495319
89,31,3.16957,-0.194894
89,32,2.83422,-0.449778
89,33,3.79978,-0.890222
89,34,4.96067,0.849556
89,35,6.09711,0.664444
89,36,7.87,1.01744
89,37,9.62512,0.500233
89,38,8.93907,-0.159535
89,39,2.93744,0.83814
89,40,-2.79286,-1.48167
89,41,-0.337857,-0.294524
89,42,1.06524,0.444524
89,43,-0.322,0.00725
89,44,-0.04225,1.166
89,45,-4.18488,1.9722
89,46,-2.23692,2.91051
89,47,-1.73725,5.013
89,48,4.2,7.4388
89,49,0,0
89,50,0,0
89,51,0,0
89,52,0,0
89,53,0,0
89,54,0,0
89,55,0,0
89,56,0,0
89,57,0,0
89,58,0,0
89,59,0,0
89,60,0,0
89,61,0,0
89,62,0,0
89,63,0,0
89,64,0,0
89,65,0,0
90,20,0,0
90,21,0,0
90,22,0,0
90,23,0,0
90,24,0,0
90,25,0,0
90,26,0,0
90,27,0,0
90,28,5.76267,4.72333
90,29,6.6066,2.59766
90,30,5.2434,1.50745
90,31,3.91522,-0.57587
90,32,3.05978,-0.524348
90,33,3.26196,-0.0769565
90,34,5.33444,0.928222
90,35,4.66795,0.515227
90,36,6.53591,1.40932
90,37,5.37273,1.50545
90,38,5.30791,2.07767
90,39,4.78381,0.695476
90,40,-2.15429,-1.40381
90,41,-0.58122,-0.687561
90,42,1.26071,0.920238
90,43,-1.3455,0.20725
90,44,1.10575,1.19875
90,45,-5.2422,0.985854
90,46,-4.11718,2.85333
90,47,0.9,3.9965
90,48,8.85333,7.76667
90,49,0,0
90,50,0,0
90,51,0,0
90,52,0,0
90,53,0,0
90,54,0,0
90,55,0,0
90,56,0,0
90,57,0,0
90,58,0,0
90,59,0,0
90,60,0,0
90,61,0,0
90,62,0,0
90,63,0,0
90,64,0,0
90,65,0,0
91,20,0,0
91,21,0,0
91,22,0,0
91,23,0,0
91,24,0,0
91,25,0,0
91,26,0,0
91,27,0,0
91,28,3.51217,4.50522
91,29,2.71875,3.08979
91,30,1.9963,1.39565
91,31,0.461522,1.755
91,32,2.18319,0.450426
91,33,3.14022,0.390667
91,34,5.35136,0.525909
91,35,4.11667,1.07578
91,36,7.74778,1.60311
91,37,8.22976,2.25071
91,38,3.46682,0.841136
91,39,4.7893,0.843256
91,40,-1.56537,0.0490244
91,41,-1.09738,-1.03214
91,42,1.00119,1.43714
91,43,-1.5865,0.069
91,44,1.24476,6.83738
91,45,-4.20667,0.653667
91,46,-4.51687,1.83062
91,47,5.36909,4.03455
91,48,0,0
91,49,0,0
91,50,0,0
91,51,0,0
91,52,0,0
91,53,0,0
91,54,0,0
91,55,0,0
91,56,0,0
91,57,0,0
91,58,0,0
91,59,0,0
91,60,0,0
91,61,0,0
91,62,0,0
91,63,0,0
91,64,0,0
91,65,0,0
92,20,0,0
92,21,0,0
92,22,0,0
92,23,0,0
92,24,0,0
92,25,0,0
92,26,0,0
92,27,-1.43769,-0.267692
92,28,3.78043,3.21587
92,29,2.94104,3.07375
92,30,1.2737,1.70826
92,31,2.58348,3.16674
92,32,1.17,1.03191
92,33,3.7725,1.49591
92,34,3.76178,-0.152222
92,35,5.75378,-0.076
92,36,8.50682,1.01318
92,37,6.49116,0.258837
92,38,-0.00590909,0.614545
92,39,2.27049,2.46902
92,40,-0.749286,0.337857
92,41,-1.14605,1.21
92,42,-0.51725,1.73375
92,43,-2.27524,0.76381
92,44,3.8535,8.2145
92,45,-2.49909,1.61318
92,46,0,0
92,47,0,0
92,48,0,0
92,49,0,0
92,50,0,0
92,51,0,0
92,52,0,0
92,53,0,0
92,54,0,0
92,55,0,0
92,56,0,0
92,57,0,0
92,58,0,0
92,59,0,0
92,60,0,0
92,61,0,0
92,62,0,0
92,63,0,0
92,64,0,0
92,65,0,0
93,20,0,0
93,21,0,0
93,22,0,0
93,23,0,0
93,24,0,0
93,25,0,0
93,26,0,0
93,27,-2.04276,-1.58448
93,28,0.704375,0.705
93,29,-0.497609,2.79978
93,30,-0.197292,2.40833
93,31,2.21875,4.42125
93,32,1.61818,1.70886
93,33,3.96867,0.84
93,34,2.5963,-0.224565
93,35,4.59326,-0.535349
93,36,7.38205,1.38909
93,37,3.96136,1.74909
93,38,-1.69146,2.41463
93,39,-0.506429,3.83095
93,40,0.356444,1.256
93,41,-0.399,1.126
93,42,-0.865238,1.55
93,43,-1.66025,0.654
93,44,2.45725,4.3265
93,45,-1.80174,0.0695652
93,46,0,0
93,47,0,0
93,48,0,0
93,49,0,0
93,50,0,0
93,51,0,0
93,52,0,0
93,53,0,0
93,54,0,0
93,55,0,0
93,56,0,0
93,57,0,0
93,58,0,0
93,59,0,0
93,60,0,0
93,61,0,0
93,62,0,0
93,63,0,0
93,64,0,0
93,65,0,0
94,20,0,0
94,21,0,0
94,22,0,0
94,23,0,0
94,24,0,0
94,25,0,0
94,26,0,0
94,27,-2.04909,-3.41545
94,28,-0.425106,-2.01
94,29,-1.15755,1.76531
94,30,-1.37587,2.81304
94,31,1.97511,4.81022
94,32,2.3575,2.34417
94,33,3.24326,0.613696
94,34,1.68023,1.45698
94,35,2.56933,-0.00888889
94,36,6.21667,1.32111
94,37,-1.48674,2.19744
94,38,-2.7393,3.54651
94,39,3.39978,4.31911
94,40,-1.43615,0.210256
94,41,-1.53098,1.57463
94,42,-0.753095,2.04929
94,43,1.51366,1.1261
94,44,0.202619,1.74714
94,45,-2.39444,0.0555556
94,46,0,0
94,47,0,0
94,48,0,0
94,49,0,0
94,50,0,0
94,51,0,0
94,52,0,0
94,53,0,0
94,54,0,0
94,55,0,0
94,56,0,0
94,57,0,0
94,58,0,0
94,59,0,0
94,60,0,0
94,61,0,0
94,62,0,0
94,63,0,0
94,64,0,0
94,65,0,0
95,20,0,0
95,21,0,0
95,22,0,0
95,23,0,0
95,24,0,0
95,25,0,0
95,26,0,0
95,27,0,0
95,28,-1.585,-2.48933
95,29,-1.28653,-0.181429
95,30,-1.03935,0.038913
95,31,3.61609,4.7313
95,32,4.16979,2.27319
95,33,2.38909,0.535
95,34,4.71844,1.49911
95,35,4.32217,0.894783
95,36,5.17732,1.54902
95,37,-2.85047,0.840465
95,38,-0.608444,2.18311
95,39,5.03875,5.47975
95,40,1.77047,1.68465
95,41,-0.927955,0.43
95,42,0.87975,2.34075
95,43,2.70439,0.858049
95,44,-2.47121,0.0666667
95,45,0,0
95,46,0,0
95,47,0,0
95,48,0,0
95,49,0,0
95,50,0,0
95,51,0,0
95,52,0,0
95,53,0,0
95,54,0,0
95,55,0,0
95,56,0,0
95,57,0,0
95,58,0,0
95,59,0,0
95,60,0,0
95,61,0,0
95,62,0,0
95,63,0,0
95,64,0,0
95,65,0,0
96,20,0,0
96,21,0,0
96,22,0,0
96,23,0,0
96,24,0,0
96,25,0,0
96,26,0,0
96,27,0,0
96,28,-1.314,-0.132667
96,29,-1.70295,1.31818
96,30,1.196,3.0104
96,31,3.42239,2.93935
96,32,4.78395,1.43163
96,33,2.97447,-0.195745
96,34,3.39556,0.706667
96,35,5.38977,1.49279
96,36,4.94756,1.60022
96,37,-0.754545,-0.374545
96,38,6.8,-0.0497619
96,39,9.41136,2.8925
96,40,3.47381,1.32024
96,41,-0.644878,-0.107073
96,42,4.64071,2.16357
96,43,4.02704,3.61148
96,44,-3.74,3.72
96,45,0,0
96,46,0,0
96,47,0,0
96,48,0,0
96,49,0,0
96,50,0,0
96,51,0,0
96,52,0,0
96,53,0,0
96,54,0,0
96,55,0,0
96,56,0,0
96,57,0,0
96,58,0,0
96,59,0,0
96,60,0,0
96,61,0,0
96,62,0,0
96,63,0,0
96,64,0,0
96,65,0,0
97,20,0,0
97,21,0,0
97,22,0,0
97,23,0,0
97,24,0,0
97,25,0,0
97,26,0,0
97,27,0,0
97,28,0.3492,0.6704
97,29,1.80471,2.14333
97,30,4.0219,2.18976
97,31,4.9184,3.3754
97,32,2.46761,1.05043
97,33,2.02136,0.410682
97,34,3.30289,0.739111
97,35,5.44609,0.761087
97,36,4.2278,1.58512
97,37,-0.498444,0.371556
97,38,7.29405,0.135952
97,39,9.3481,1.3381
97,40,3.46,0.847381
97,41,1.32071,0.111667
97,42,4.47625,1.284
97,43,2.91,0.918182
97,44,0,0
97,45,0,0
97,46,0,0
97,47,0,0
97,48,0,0
97,49,0,0
97,50,0,0
97,51,0,0
97,52,0,0
97,53,0,0
97,54,0,0
97,55,0,0
97,56,0,0
97,57,0,0
97,58,0,0
97,59,0,0
97,60,0,0
97,61,0,0
97,62,0,0
97,63,0,0
97,64,0,0
97,65,0,0
98,20,0,0
98,21,0,0
98,22,0,0
98,23,0,0
98,24,-0.6675,0.752
98,25,1.04059,1.41353
98,26,3.78,2.615
98,27,0,0
98,28,2.002,2.7005
98,29,4.51614,3.39727
98,30,3.80208,2.74868
98,31,4.74714,0.805238
98,32,3.02826,1.86696
98,33,0.891064,0.592766
98,34,3.67488,0.506744
98,35,4.84372,0.514186
98,36,2.80213,1.85511
98,37,1.89238,1.52024
98,38,9.13023,0.239302
98,39,9.50864,0.0981818
98,40,1.433,0.69175
98,41,1.44818,0.895682
98,42,2.879,0.6425
98,43,1.61429,-0.2
98,44,0,0
98,45,0,0
98,46,0,0
98,47,0,0
98,48,0,0
98,49,0,0
98,50,0,0
98,51,0,0
98,52,0,0
98,53,0,0
98,54,0,0
98,55,0,0
98,56,0,0
98,57,0,0
98,58,0,0
98,59,0,0
98,60,0,0
98,61,0,0
98,62,0,0
98,63,0,0
98,64,0,0
98,65,0,0
99,20,0,0
99,21,0,0
99,22,-2.086,2.384
99,23,-0.770714,2.30714
99,24,0.885366,2.13293
99,25,2.69346,1.66577
99,26,4.10073,1.17634
99,27,3.65857,1.518
99,28,3.37674,2.11587
99,29,2.6475,3.91583
99,30,2.60591,3.97432
99,31,3.13771,1.74417
99,32,4.94426,0.555957
99,33,3.1169,-0.571905
99,34,3.738,0.5888
99,35,5.09167,1.54571
99,36,6.92738,1.02048
99,37,7.36304,-0.549565
99,38,8.25857,-0.729048
99,39,6.01875,-0.15925
99,40,1.38109,1.18783
99,41,2.535,0.995789
99,42,3.23067,0.166
99,43,3.93,-1.52333
99,44,0,0
99,45,0,0
99,46,0,0
99,47,0,0
99,48,0,0
99,49,0,0
99,50,0,0
99,51,0,0
99,52,0,0
99,53,0,0
99,54,0,0
99,55,0,0
99,56,0,0
99,57,0,0
99,58,0,0
99,59,0,0
99,60,0,0
99,61,0,0
99,62,0,0
99,63,0,0
99,64,0,0
99,65,0,0
100,20,0,0
100,21,0,0
100,22,-2.01105,1.07
100,23,-0.421875,1.88146
100,24,1.97235,2.68137
100,25,3.45898,1.72694
100,26,6.73538,2.20865
100,27,7.89578,-0.766
100,28,8.60327,0.0483673
100,29,6.59804,2.7298
100,30,7.09476,2.635
100,31,5.55063,1.04604
100,32,4.44771,-0.569375
100,33,4.91548,-0.751905
100,34,5.37409,-0.301591
100,35,5.84417,0.110625
100,36,4.46357,-1.43952
100,37,6.19122,-2.27927
100,38,6.28957,-0.181702
100,39,0.720488,1.51146
100,40,2.85952,1.5531
100,41,2.20326,0.401628
100,42,3.26821,0.676923
100,43,3.885,-0.378333
100,44,0,0
100,45,0,0
100,46,0,0
100,47,0,0
100,48,0,0
100,49,0,0
100,50,0,0
100,51,0,0
100,52,0,0
100,53,0,0
100,54,0,0
100,55,0,0
100,56,0,0
100,57,0,0
100,58,0,0
100,59,0,0
100,60,0,0
100,61,0,0
100,62,0,0
100,63,0,0
100,64,0,0
100,65,0,0
101,20,0,0
101,21,-2.35,0.128
101,22,-2.0898,-0.327959
101,23,-1.0564,1.6152
101,24,1.2906,2.6086
101,25,5.41612,3.28531
101,26,7.14735,3.78673
101,27,7.872,1.47982
101,28,8.15119,0.471429
101,29,3.81721,0.470465
101,30,3.67,2.00071
101,31,3.36419,-0.242791
101,32,4.69744,-0.654651
101,33,4.57271,-1.84854
101,34,4.60818,-0.562727
101,35,4.15091,-0.117955
101,36,4.95609,0.559783
101,37,6.45949,-2.46359
101,38,4.63935,0.83
101,39,1.70341,1.65795
101,40,3.71625,0.349
101,41,1.93,1.00275
101,42,3.07634,1.12756
101,43,2.215,0.5025
101,44,0,0
101,45,0,0
101,46,0,0
101,47,0,0
101,48,0,0
101,49,0,0
101,50,0,0
101,51,0,0
101,52,0,0
101,53,0,0
101,54,0,0
101,55,0,0
101,56,0,0
101,57,0,0
101,58,0,0
101,59,0,0
101,60,0,0
101,61,0,0
101,62,0,0
101,63,0,0
101,64,0,0
101,65,0,0
102,20,0,0
102,21,-4.005,0.23
102,22,-3.02,0.11
102,23,-0.945556,2.04593
102,24,1.32735,3.20143
102,25,4.70547,4.13491
102,26,6.05762,5.11619
102,27,6.55894,5.43574
102,28,5.31345,4.15764
102,29,2.34771,-0.518542
102,30,3.85289,0.883778
102,31,2.666,-0.692
102,32,1.44333,-0.757857
102,33,2.00673,-1.19462
102,34,3.93841,-1.99114
102,35,6.01524,-1.7531
102,36,4.45,-0.2525
102,37,2.05643,-0.873571
102,38,2.85057,0.376857
102,39,2.77104,0.450208
102,40,2.3469,-0.228571
102,41,2.2625,1.66708
102,42,2.94034,1.20345
102,43,0,0
102,44,0,0
102,45,0,0
102,46,0,0
102,47,0,0
102,48,0,0
102,49,0,0
102,50,0,0
102,51,0,0
102,52,0,0
102,53,0,0
102,54,0,0
102,55,0,0
102,56,0,0
102,57,0,0
102,58,0,0
102,59,0,0
102,60,0,0
102,61,0,0
102,62,0,0
102,63,0,0
102,64,0,0
102,65,0,0
103,20,0,0
103,21,0,0
103,22,0,0
103,23,-0.871739,2.66043
103,24,3.74776,3.93449
103,25,6.77519,3.77173
103,26,9.32623,4.60245
103,27,8.71667,5.37178
103,28,4.65042,3.26729
103,29,-0.54,-0.255238
103,30,-0.162619,-0.985952
103,31,1.9634,-0.55717
103,32,3.14367,-1.50449
103,33,4.24674,-1.62372
103,34,4.74,-1.78896
103,35,4.06262,-1.67333
103,36,0.316364,0.746818
103,37,2.09717,-0.226304
103,38,1.14405,1.50452
103,39,2.16,0.1425
103,40,3.32528,0.187222
103,41,4.02476,0.65
103,42,4.68846,-0.107692
103,43,0,0
103,44,0,0
103,45,0,0
103,46,0,0
103,47,0,0
103,48,0,0
103,49,0,0
103,50,0,0
103,51,0,0
103,52,0,0
103,53,0,0
103,54,0,0
103,55,0,0
103,56,0,0
103,57,0,0
103,58,0,0
103,59,0,0
103,60,0,0
103,61,0,0
103,62,0,0
103,63,0,0
103,64,0,0
103,65,0,0
104,20,0,0
104,21,0,0
104,22,0,0
104,23,0.995238,3.2019
104,24,4.17204,3.66796
104,25,7.73837,3.50204
104,26,9.84339,4.77607
104,27,6.86898,2.62265
104,28,0.0375,-1.26232
104,29,1.01082,-2.07714
104,30,0.425102,-2.13184
104,31,-0.903529,-1.90745
104,32,0.0652381,-1.35071
104,33,3.37905,-1.70524
104,34,2.97208,-2.65292
104,35,1.97667,-1.93
104,36,-0.331667,-1.1819
104,37,2.04958,-1.29771
104,38,2.24548,0.973095
104,39,2.16125,0.909583
104,40,3.24195,0.378293
104,41,4.48143,-0.084
104,42,5.636,-0.956
104,43,0,0
104,44,0,0
104,45,0,0
104,46,0,0
104,47,0,0
104,48,0,0
104,49,0,0
104,50,0,0
104,51,0,0
104,52,0,0
104,53,0,0
104,54,0,0
104,55,0,0
104,56,0,0
104,57,0,0
104,58,0,0
104,59,0,0
104,60,0,0
104,61,0,0
104,62,0,0
104,63,0,0
104,64,0,0
104,65,0,0
105,20,0,0
105,21,0,0
105,22,0,0
105,23,1.00474,3.61842
105,24,2.39405,4.7581
105,25,2.27214,4.82286
105,26,4.68646,4.5775
105,27,4.04024,1.58976
105,28,0.847917,-1.69125
105,29,0.340714,-2.01905
105,30,0.241429,-2.64881
105,31,-1.115,-3.35146
105,32,-1.9469,-4.61048
105,33,-1.16976,-4.21357
105,34,0.432083,-3.71458
105,35,1.07762,-2.86286
105,36,0.966667,-2.22714
105,37,1.35896,-0.92625
105,38,1.63524,-0.188333
105,39,2.11979,1.09396
105,40,3.03286,0.520714
105,41,4.34571,0.242381
105,42,5.24273,0.993636
105,43,0,0
105,44,0,0
105,45,0,0
105,46,0,0
105,47,0,0
105,48,0,0
105,49,0,0
105,50,0,0
105,51,0,0
105,52,0,0
105,53,0,0
105,54,0,0
105,55,0,0
105,56,0,0
105,57,0,0
105,58,0,0
105,59,0,0
105,60,0,0
105,61,0,0
105,62,0,0
105,63,0,0
105,64,0,0
105,65,0,0
106,20,0,0
106,21,0,0
106,22,0,0
106,23,0.977667,4.45467
106,24,-1.27918,3.09061
106,25,0.933673,5.75143
106,26,0.145893,6.24268
106,27,2.28755,3.82327
106,28,1.63786,-2.47268
106,29,1.04857,-1.52224
106,30,0.345319,-2.18468
106,31,-0.870833,-1.98562
106,32,-2.03905,-3.66619
106,33,-1.41333,-4.71071
106,34,-0.791458,-3.91354
106,35,-0.333095,-2.27429
106,36,0.735952,-1.84286
106,37,1.0325,-0.52875
106,38,1.06476,-0.174048
106,39,2.22146,0.801875
106,40,3.34324,0.616216
106,41,4.52829,0.567143
106,42,6.58238,4.01952
106,43,0,0
106,44,0,0
106,45,0,0
106,46,0,0
106,47,0,0
106,48,0,0
106,49,0,0
106,50,0,0
106,51,0,0
106,52,0,0
106,53,0,0
106,54,0,0
106,55,0,0
106,56,0,0
106,57,0,0
106,58,0,0
106,59,0,0
106,60,0,0
106,61,0,0
106,62,0,0
106,63,0,0
106,64,0,0
106,65,0,0
107,20,0,0
107,21,0,0
107,22,-2.10115,-0.267692
107,23,-0.997551,1.7202
107,24,-1.51041,2.98
107,25,-0.291538,5.54365
107,26,0.69566,5.8634
107,27,3.02714,4.52762
107,28,0.881458,0.381042
107,29,0.196429,0.604524
107,30,-0.381591,-0.454773
107,31,-1.77554,-0.438571
107,32,-3.16979,-1.25688
107,33,-1.22667,-1.65357
107,34,-0.89125,-2.1925
107,35,-0.11381,-3.06524
107,36,0.00545455,-2.65318
107,37,0.018913,-0.346957
107,38,-0.394872,1.66256
107,39,0.699,0.3855
107,40,3.87575,1.7035
107,41,5.825,0.704762
107,42,8.599,3.5915
107,43,0,0
107,44,0,0
107,45,0,0
107,46,0,0
107,47,0,0
107,48,0,0
107,49,0,0
107,50,0,0
107,51,0,0
107,52,0,0
107,53,0,0
107,54,0,0
107,55,0,0
107,56,0,0
107,57,0,0
107,58,0,0
107,59,0,0
107,60,0,0
107,61,0,0
107,62,0,0
107,63,0,0
107,64,0,0
107,65,0,0
108,20,0,0
108,21,0,0
108,22,-3.14222,0.437556
108,23,-2.08571,0.375893
108,24,-1.27653,2.7602
108,25,-0.702353,3.1998
108,26,1.2119,5.88357
108,27,1.7308,4.0748
108,28,-0.881818,0.895818
108,29,-1.69478,-0.813261
108,30,-1.50911,1.64
108,31,-2.08844,-0.308222
108,32,-3.14186,-1.18628
108,33,-1.50863,-0.0605882
108,34,0.873409,-1.44091
108,35,-0.422619,-3.02381
108,36,-1.83,-1.90542
108,37,-0.998293,-0.470732
108,38,-0.300789,1.47184
108,39,1.02583,0.842292
108,40,3.49405,1.01833
108,41,3.46809,1.43362
108,42,8.18187,2.68937
108,43,0,0
108,44,0,0
108,45,0,0
108,46,0,0
108,47,0,0
108,48,0,0
108,49,0,0
108,50,0,0
108,51,0,0
108,52,0,0
108,53,0,0
108,54,0,0
108,55,0,0
108,56,0,0
108,57,0,0
108,58,0,0
108,59,0,0
108,60,0,0
108,61,0,0
108,62,0,0
108,63,0,0
108,64,0,0
108,65,0,0
109,18,-5.52429,-1.62714
109,19,-4.8375,-0.429
109,20,-6.56875,0.17
109,21,0,0
109,22,-4.7275,1.32479
109,23,-2.9932,0.7866
109,24,-1.28917,1.60687
109,25,-0.374118,2.16647
109,26,0.574286,5.32918
109,27,-0.362037,2.40741
109,28,-1.47976,0.00404762
109,29,-2.29444,-1.134
109,30,-1.05909,0.766364
109,31,-2.04833,0.44381
109,32,-0.967674,1.03279
109,33,-2.192,-1.487
109,34,0.941628,-0.76186
109,35,-1.88159,-3.24114
109,36,-0.835652,-2.62717
109,37,-0.686842,-1.48711
109,38,0.541087,0.0841304
109,39,1.05568,0.594091
109,40,2.93795,1.50128
109,41,1.22244,2.74537
109,42,6.07833,4.07738
109,43,0,0
109,44,0,0
109,45,0,0
109,46,0,0
109,47,0,0
109,48,0,0
109,49,0,0
109,50,0,0
109,51,0,0
109,52,0,0
109,53,0,0
109,54,0,0
109,55,0,0
109,56,0,0
109,57,0,0
109,58,0,0
109,59,0,0
109,60,0,0
109,61,0,0
109,62,0,0
109,63,0,0
109,64,0,0
109,65,0,0
110,18,-6.22167,-3.76667
110,19,-5.45837,-1.52469
110,20,-6.88278,-0.572222
110,21,-7.61871,0.143226
110,22,-5.44962,1.28755
110,23,-3.83612,0.898571
110,24,-2.60019,2.10538
110,25,-1.29673,1.15041
110,26,0.0446,4.2794
110,27,-0.803043,0.733696
110,28,-1.07347,-2.25306
110,29,-3.0656,-1.9108
110,30,-0.691395,0.75093
110,31,-1.13833,0.75875
110,32,-0.113542,0.34125
110,33,-2.39286,-0.703571
110,34,0.0556818,-0.637045
110,35,-2.36313,-1.59604
110,36,-0.514762,-1.35167
110,37,-0.269524,-2.00476
110,38,-0.0653191,-1.42851
110,39,0.772,0.0395
110,40,1.97023,1.0886
110,41,2.02907,2.91047
110,42,6.32026,4.17658
110,43,7.77333,2.81167
110,44,0,0
110,45,0,0
110,46,0,0
110,47,0,0
110,48,0,0
110,49,0,0
110,50,0,0
110,51,0,0
110,52,0,0
110,53,0,0
110,54,0,0
110,55,0,0
110,56,0,0
110,57,0,0
110,58,0,0
110,59,0,0
110,60,0,0
110,61,0,0
110,62,0,0
110,63,0,0
110,64,0,0
110,65,0,0
111,19,-6.586,-2.118
111,20,-7.47455,-1.68091
111,21,-8.48375,-0.545
111,22,-7.25571,0.120408
111,23,-5.36135,2.04058
111,24,-3.1966,2.294
111,25,-0.818235,3.28176
111,26,0.44102,2.20204
111,27,-1.83633,0.346531
111,28,-1.76043,1.22043
111,29,-2.21735,-2.05592
111,30,-0.525814,-0.241395
111,31,-0.800204,0.593469
111,32,0.570435,0.93
111,33,-3.1069,-0.508095
111,34,-2.0338,0.6224
111,35,-5.10643,0.695238
111,36,-1.66268,-1.46463
111,37,-2.00404,0.540426
111,38,-1.32262,1.57952
111,39,-0.10675,0.95675
111,40,0.800435,1.11543
111,41,2.76946,1.88865
111,42,5.07804,4.50522
111,43,4.55467,3.67633
111,44,0,0
111,45,0,0
111,46,0,0
111,47,0,0
111,48,0,0
111,49,0,0
111,50,0,0
111,51,0,0
111,52,0,0
111,53,0,0
111,54,0,0
111,55,0,0
111,56,0,0
111,57,0,0
111,58,0,0
111,59,0,0
111,60,0,0
111,61,0,0
111,62,0,0
111,63,0,0
111,64,0,0
111,65,0,0
112,20,0,0
112,21,0,0
112,22,-6.11833,-1.1919
112,23,-5.27286,1.16796
112,24,-4.06321,1.88925
112,25,-1.03521,3.55479
112,26,-0.7912,0.603
112,27,-2.17792,-1.15125
112,28,-1.4032,-0.6474
112,29,-0.976744,-1.41279
112,30,-0.769811,-2.02925
112,31,-0.481667,-1.19524
112,32,-0.932609,0.99
112,33,-3.98851,-0.466383
112,34,-1.95773,0.4125
112,35,-4.87233,-0.280465
112,36,-2.86255,1.52298
112,37,-1.19881,-0.533095
112,38,-1.07929,-0.612143
112,39,1.03778,2.15867
112,40,1.49564,1.87872
112,41,2.10489,2.33067
112,42,4.89154,5.04308
112,43,4.1061,5.00488
112,44,1.57323,4.38903
112,45,1.941,5.316
112,46,0,0
112,47,0,0
112,48,0,0
112,49,0,0
112,50,0,0
112,51,0,0
112,52,0,0
112,53,0,0
112,54,0,0
112,55,0,0
112,56,0,0
112,57,0,0
112,58,0,0
112,59,0,0
112,60,0,0
112,61,0,0
112,62,0,0
112,63,0,0
112,64,0,0
112,65,0,0
113,20,0,0
113,21,0,0
113,22,-7.24929,-1.45857
113,23,-4.70346,0.150962
113,24,-3.07714,-0.480816
113,25,-1.8794,2.3858
113,26,-1.06714,1.30367
113,27,-2.39,-1.13571
113,28,-2.27543,-0.670652
113,29,-1.57196,-0.527843
113,30,-1.46256,-1.45628
113,31,-2.3402,-0.806735
113,32,-2.40702,0.642553
113,33,-2.45651,-1.54884
113,34,-2.25867,-2.224
113,35,-5.36609,-1.15022
113,36,-3.52488,0.64878
113,37,-2.96178,1.96111
113,38,-2.33302,0.78907
113,39,-0.671905,2.92905
113,40,1.65024,1.89524
113,41,3.68952,2.1969
113,42,4.37024,3.82366
113,43,3.24024,4.27683
113,44,1.27143,3.76905
113,45,1.62071,5.19714
113,46,0,0
113,47,0,0
113,48,0,0
113,49,0,0
113,50,0,0
113,51,0,0
113,52,0,0
113,53,0,0
113,54,0,0
113,55,0,0
113,56,0,0
113,57,0,0
113,58,0,0
113,59,0,0
113,60,0,0
113,61,0,0
113,62,0,0
113,63,0,0
113,64,0,0
113,65,0,0
114,20,0,0
114,21,0,0
114,22,-9.30333,-2.40333
114,23,-5.56935,-0.733696
114,24,-4.13804,-0.153725
114,25,-2.22608,-0.0337255
114,26,-1.07854,1.89562
114,27,-3.10633,0.419388
114,28,-4.27061,0.122449
114,29,-2.25244,1.61333
114,30,-2.20837,-0.178571
114,31,-3.09478,0.0715217
114,32,-1.76488,-0.0625581
114,33,-0.820833,-1.09771
114,34,-1.71356,-1.88333
114,35,-3.29581,-5.22698
114,36,-0.607778,-4.81956
114,37,-1.3275,-2.53068
114,38,-0.113902,-1.50098
114,39,0.738837,0.870698
114,40,1.73767,2.64186
114,41,2.28575,2.04075
114,42,3.37476,3.48929
114,43,2.62976,3.96951
114,44,1.62275,3.6985
114,45,1.72526,2.87421
114,46,0,0
114,47,0,0
114,48,0,0
114,49,0,0
114,50,0,0
114,51,0,0
114,52,0,0
114,53,0,0
114,54,0,0
114,55,0,0
114,56,0,0
114,57,0,0
114,58,0,0
114,59,0,0
114,60,0,0
114,61,0,0
114,62,0,0
114,63,0,0
114,64,0,0
114,65,0,0
115,20,0,0
115,21,0,0
115,22,0,0
115,23,-6.68619,-1.40381
115,24,-3.92625,-0.649167
115,25,-1.66286,0.236327
115,26,-0.381765,-1.11843
115,27,-0.618125,-1.56604
115,28,-2.01787,-1.7366
115,29,-2.28,1.42125
115,30,-4.26804,1.195
115,31,-3.08957,0.511489
115,32,-0.772128,-0.211277
115,33,-2.07091,-0.299318
115,34,-2.51889,0.136222
115,35,-2.04935,-2.02261
115,36,-1.48714,-4.08095
115,37,-0.832791,-4.71093
115,38,-0.627609,-4.06152
115,39,0.43575,-1.2585
115,40,2.31429,1.615
115,41,1.54977,0.757727
115,42,3.31125,3.19125
115,43,2.489,4.03225
115,44,2.48846,3.88205
115,45,4.81054,2.2173
115,46,0,0
115,47,0,0
115,48,0,0
115,49,0,0
115,50,0,0
115,51,0,0
115,52,0,0
115,53,0,0
115,54,0,0
115,55,0,0
115,56,0,0
115,57,0,0
115,58,0,0
115,59,0,0
115,60,0,0
115,61,0,0
115,62,0,0
115,63,0,0
115,64,0,0
115,65,0,0
116,20,0,0
116,21,0,0
116,22,0,0
116,23,-6.63333,-3.95067
116,24,-4.43,-0.113519
116,25,-2.08702,1.19596
116,26,-1.2812,-0.1452
116,27,-2.09104,-0.225208
116,28,-2.45271,-0.555833
116,29,-2.5412,0.7868
116,30,-3.63234,-0.339362
116,31,-2.65909,0.617273
116,32,-2.55234,1.05106
116,33,-3.72444,1.34644
116,34,-3.22581,1.15349
116,35,-2.40911,0.536889
116,36,-2.76067,-1.16778
116,37,-3.10524,-3.07738
116,38,-1.7431,-4.2269
116,39,-1.49935,-3.55435
116,40,0.940256,-0.688974
116,41,2.18476,-0.195238
116,42,3.91619,1.99786
116,43,3.04146,3.0439
116,44,3.43419,3.74605
116,45,3.69472,2.64167
116,46,2.373,2.537
116,47,0,0
116,48,-1.65304,0.753478
116,49,-1.13571,0.295
116,50,0,0
116,51,0,0
116,52,0,0
116,53,0,0
116,54,0,0
116,55,0,0
116,56,0,0
116,57,0,0
116,58,0,0
116,59,0,0
116,60,0,0
116,61,0,0
116,62,0,0
116,63,0,0
116,64,0,0
116,65,0,0
117,20,0,0
117,21,0,0
117,22,0,0
117,23,-7.48,-5.12
117,24,-6.02767,-3.95767
117,25,-3.01827,0.164038
117,26,-2.79102,1.18
117,27,-3.26367,0.731633
117,28,-3.89479,0.397917
117,29,-3.484,0.448889
117,30,-2.25646,0.408333
117,31,-1.56458,-0.484583
117,32,-4.36205,1.54864
117,33,-4.59674,1.97217
117,34,-3.7663,1.53239
117,35,-3.21976,1.37048
117,36,-3.88477,0.105
117,37,-3.53273,-1.67591
117,38,-1.79548,-3.13024
117,39,-1.36244,-3.68878
117,40,-0.246304,-1.93522
117,41,0.5085,-0.76825
117,42,2.95268,-0.639512
117,43,4.28073,1.95073
117,44,4.20615,3.01256
117,45,4.29024,3.42452
117,46,3.65061,2.35364
117,47,0,0
117,48,-0.753333,0.257778
117,49,-0.435263,-0.656579
117,50,-0.78625,0.775
117,51,0,0
117,52,0,0
117,53,0,0
117,54,0,0
117,55,0,0
117,56,0,0
117,57,0,0
117,58,0,0
117,59,0,0
117,60,0,0
117,61,0,0
117,62,0,0
117,63,0,0
117,64,0,0
117,65,0,0
118,20,0,0
118,21,0,0
118,22,0,0
118,23,0,0
118,24,-3.83933,-5.86133
118,25,-3.40958,-3.19104
118,26,-3.37327,0.337143
118,27,-2.41917,0.130417
118,28,-2.17312,-0.0158333
118,29,-3.33083,-0.280833
118,30,-2.67761,2.61304
118,31,-3.53511,0.725745
118,32,-5.24333,1.29333
118,33,-4.32302,2.26953
118,34,-3.17533,1.02867
118,35,-3.14289,-0.196444
118,36,-3.69698,-0.513953
118,37,-2.51955,-0.550682
118,38,-2.38742,-1.76903
118,39,-1.77667,-2.30889
118,40,-0.45878,-2.28341
118,41,1.72286,-1.2719
118,42,3.68125,-0.39575
118,43,6.5881,0.406429
118,44,5.72024,-0.70122
118,45,4.8215,2.17275
118,46,3.8555,1.2475
118,47,2.57667,0.986667
118,48,0.401579,0.245789
118,49,0.306154,-0.693077
118,50,0.0333333,-1.18667
118,51,0,0
118,52,0,0
118,53,0,0
118,54,0,0
118,55,0,0
118,56,0,0
118,57,0,0
118,58,0,0
118,59,0,0
118,60,0,0
118,61,0,0
118,62,0,0
118,63,0,0
118,64,0,0
118,65,0,0
119,20,0,0
119,21,0,0
119,22,0,0
119,23,0,0
119,24,0,0
119,25,-4.2115,-7.647
119,26,-3.2034,-3.28638
119,27,-2.55735,0.125918
119,28,-2.06271,0.985417
119,29,-2.66667,0.903125
119,30,-3.67152,2.21478
119,31,-5.06413,3.07239
119,32,-4.98761,1.895
119,33,-3.746,1.78311
119,34,-2.52636,0.784091
119,35,-2.40436,-0.841795
119,36,-1.73956,-1.506
119,37,-0.635882,-1.30912
119,38,-2.51222,-2.08556
119,39,-1.705,-2.34
119,40,-0.0253846,-1.90897
119,41,2.64558,-0.151628
119,42,3.33762,-0.0361905
119,43,5.39051,-1.24974
119,44,5.79619,-2.38024
119,45,6.44158,-0.322368
119,46,4.26952,-0.159524
119,47,2.45714,-0.0242857
119,48,1.89313,0.3675
119,49,1.53189,-1.00514
119,50,0.954167,-2.04583
119,51,0.42,-3.16
119,52,0,0
119,53,0,0
119,54,0,0
119,55,0,0
119,56,0,0
119,57,0,0
119,58,0,0
119,59,0,0
119,60,0,0
119,61,0,0
119,62,0,0
119,63,0,0
119,64,0,0
119,65,0,0
120,20,0,0
120,21,0,0
120,22,0,0
120,23,1.14062,0.315
120,24,0.32,-0.167143
120,25,-5.655,-10.325
120,26,-3.07333,-7.69
120,27,-1.82636,-3.39788
120,28,-2.44146,0.673958
120,29,-2.94625,2.27833
120,30,-2.89894,1.25426
120,31,-4.69587,2.47217
120,32,-4.68065,1.92674
120,33,-3.21913,1.16457
120,34,-1.41897,0.82641
120,35,-0.72,0.36
120,36,-0.814,-1.644
120,37,-0.626944,-1.60778
120,38,-2.12,-2.64
120,39,0,0
120,40,1.69059,-2.37118
120,41,3.06439,-1.39463
120,42,3.8731,-1.33476
120,43,5.249,-1.04
120,44,4.4635,-2.545
120,45,6.76929,-3.3769
120,46,6.53205,-2.63128
120,47,5.375,-2.745
120,48,3.58658,-0.0752632
120,49,2.84821,-1.08256
120,50,2.06308,-2.44821
120,51,0.774375,-2.96219
120,52,0.466667,-2.31
120,53,1.2475,-1.3275
120,54,0,0
120,55,0,0
120,56,0,0
120,57,0,0
120,58,0,0
120,59,0,0
120,60,0,0
120,61,0,0
120,62,0,0
120,63,0,0
120,64,0,0
120,65,0,0
121,20,0,0
121,21,0,0
121,22,-7.78,-6.55833
121,23,-2.44,-3.31683
121,24,-1.51857,-0.312449
121,25,-6.62278,-1.12278
121,26,0,0
121,27,0.1,-4.71
121,28,-1.94231,-3.52769
121,29,-2.84435,-0.259565
121,30,-3.58282,1.49718
121,31,-4.31077,0.952564
121,32,-3.7759,1.05692
121,33,-2.50937,1.23187
121,34,-0.81,1.07
121,35,0,0
121,36,-0.593333,-1.80333
121,37,-0.671316,-2.34289
121,38,-1.334,-2.573
121,39,-0.806,-3.898
121,40,0.08,-3.865
121,41,2.3771,-1.30742
121,42,3.97476,-2.34095
121,43,5.09976,-0.984634
121,44,4.45275,-1.931
121,45,5.807,-4.336
121,46,6.23436,-3.95128
121,47,5.482,-3.8875
121,48,6.68051,-3.15641
121,49,4.77564,-1.35538
121,50,2.67842,-2.72895
121,51,1.29432,-3.52432
121,52,1.56,-2.38912
121,53,1.98321,-1.37071
121,54,0,0
121,55,0,0
121,56,0,0
121,57,0,0
121,58,0,0
121,59,0,0
121,60,0,0
121,61,0,0
121,62,0,0
121,63,0,0
121,64,0,0
121,65,0,0
122,20,0,0
122,21,0,0
122,22,0,0
122,23,0,0
122,24,-1.65714,-2.38
122,25,-5.97929,-2.14357
122,26,0,0
122,27,0,0
122,28,-2.415,-2.775
122,29,-2.7,-2.381
122,30,-2.94471,-0.816471
122,31,-3.275,0.47
122,32,-3.36714,0.414286
122,33,0,0
122,34,0,0
122,35,0,0
122,36,0,0
122,37,-0.231739,-2.89826
122,38,0,0
122,39,0.3975,-3.58083
122,40,0.643704,-3.87852
122,41,2.02097,-0.835806
122,42,4.04707,-1.73366
122,43,5.78476,-1.66429
122,44,5.24659,-1.47634
122,45,4.691,-3.11975
122,46,4.58925,-3.7565
122,47,4.55475,-4.9185
122,48,6.21256,-4.94897
122,49,6.28846,-3.68385
122,50,4.01158,-3.69947
122,51,2.51077,-4.51821
122,52,1.81811,-2.96108
122,53,3.50294,-1.82529
122,54,0,0
122,55,0,0
122,56,0,0
122,57,0,0
122,58,0,0
122,59,0,0
122,60,0,0
122,61,0,0
122,62,0,0
122,63,0,0
122,64,0,0
122,65,0,0
123,20,0,0
123,21,0,0
123,22,0,0
123,23,0,0
123,24,0,0
123,25,0,0
123,26,0,0
123,27,0,0
123,28,0,0
123,29,0,0
123,30,0,0
123,31,0,0
123,32,0,0
123,33,0,0
123,34,0,0
123,35,0,0
123,36,0,0
123,37,-0.1,-3.685
123,38,0,0
123,39,1.66,-4.37
123,40,2.39778,-4.14667
123,41,2.38167,-0.931667
123,42,3.50575,-0.2275
123,43,5.39488,-1.61976
123,44,5.2525,-1.365
123,45,4.50925,-1.61
123,46,4.09275,-2.943
123,47,3.95872,-4.95564
123,48,5.09846,-5.59513
123,49,5.14179,-4.82846
123,50,4.37079,-4.91553
123,51,3.33282,-5.76179
123,52,3.44865,-4.53703
123,53,4.06737,-2.28605
123,54,3.41,-2.8
123,55,0,0
123,56,0,0
123,57,0,0
123,58,0,0
123,59,0,0
123,60,0,0
123,61,0,0
123,62,0,0
123,63,0,0
123,64,0,0
123,65,0,0
124,20,0,0
124,21,0,0
124,22,0,0
124,23,0,0
124,24,0,0
124,25,0,0
124,26,0,0
124,27,0,0
124,28,0,0
124,29,0,0
124,30,0,0
124,31,0,0
124,32,0,0
124,33,0,0
124,34,0,0
124,35,0,0
124,36,0,0
124,37,0,0
124,38,0,0
124,39,0,0
124,40,2.46077,-4.18346
124,41,3.48439,-2.53854
124,42,3.68238,0.771429
124,43,4.81902,-0.125122
124,44,4.9855,-0.89175
124,45,5.34951,-1.44951
124,46,5.07475,-2.78925
124,47,4.57538,-4.33128
124,48,4.02795,-5.28231
124,49,4.06079,-5.92263
124,50,3.97525,-5.91975
124,51,3.14028,-7.16806
124,52,4.45256,-5.75359
124,53,5.052,-3.28771
124,54,0,0
124,55,0,0
124,56,0,0
124,57,0,0
124,58,0,0
124,59,0,0
124,60,0,0
124,61,0,0
124,62,0,0
124,63,0,0
124,64,0,0
124,65,0,0
125,20,0,0
125,21,0,0
125,22,0,0
125,23,0,0
125,24,0,0
125,25,0,0
125,26,0,0
125,27,0,0
125,28,0,0
125,29,0,0
125,30,0,0
125,31,0,0
125,32,0,0
125,33,0,0
125,34,0,0
125,35,0,0
125,36,0,0
125,37,0,0
125,38,0,0
125,39,0,0
125,40,2.53,-4.06
125,41,3.60667,-2.88308
125,42,5.15463,0.531951
125,43,5.7922,0.879756
125,44,5.90951,-0.0319512
125,45,6.65,-1.15103
125,46,6.23075,-2.62575
125,47,5.36205,-3.88205
125,48,4.5355,-5.25375
125,49,4.11128,-6.46282
125,50,3.37316,-6.82789
125,51,3.19842,-8.23526
125,52,4.84378,-6.6573
125,53,5.0968,-4.4208
125,54,0,0
125,55,0,0
125,56,0,0
125,57,0,0
125,58,0,0
125,59,0,0
125,60,0,0
125,61,0,0
125,62,0,0
125,63,0,0
125,64,0,0
125,65,0,0
126,20,0,0
126,21,0,0
126,22,0,0
126,23,0,0
126,24,0,0
126,25,0,0
126,26,0,0
126,27,0,0
126,28,0,0
126,29,0,0
126,30,0,0
126,31,0,0
126,32,0,0
126,33,0,0
126,34,0,0
126,35,0,0
126,36,0,0
126,37,0,0
126,38,0,0
126,39,0,0
126,40,0,0
126,41,2.8281,-1.69714
126,42,5.01581,0.46186
126,43,6.05025,1.016
126,44,6.686,0.69125
126,45,7.41641,-0.63641
126,46,7.3339,-2.1722
126,47,6.639,-3.7455
126,48,5.82615,-5.21436
126,49,5.15079,-6.09684
126,50,3.84135,-7.02324
126,51,3.78308,-7.88872
126,52,4.86676,-6.97541
126,53,4.277,-6.108
126,54,0,0
126,55,0,0
126,56,0,0
126,57,0,0
126,58,0,0
126,59,0,0
126,60,0,0
126,61,0,0
126,62,0,0
126,63,0,0
126,64,0,0
126,65,0,0
127,20,0,0
127,21,0,0
127,22,0,0
127,23,0,0
127,24,0,0
127,25,0,0
127,26,0,0
127,27,0,0
127,28,0,0
127,29,0,0
127,30,0,0
127,31,0,0
127,32,0,0
127,33,0,0
127,34,0,0
127,35,0,0
127,36,0,0
127,37,0,0
127,38,0,0
127,39,0,0
127,40,0,0
127,41,0,0
127,42,5.29444,1.25667
127,43,6.30878,1.93171
127,44,7.174,1.17425
127,45,7.81286,0.522857
127,46,7.8341,-1.04436
127,47,7.12475,-3.47225
127,48,5.70395,-4.765
127,49,5.08205,-5.57769
127,50,5.72684,-6.91711
127,51,5.57545,-7.61818
127,52,5.33,-6.99333
127,53,0,0
127,54,0,0
127,55,0,0
127,56,0,0
127,57,0,0
127,58,0,0
127,59,0,0
127,60,0,0
127,61,0,0
127,62,0,0
127,63,0,0
127,64,0,0
127,65,0,0
128,20,0,0
128,21,0,0
128,22,0,0
128,23,0,0
128,24,0,0
128,25,0,0
128,26,0,0
128,27,0,0
128,28,0,0
128,29,0,0
128,30,0,0
128,31,0,0
128,32,0,0
128,33,0,0
128,34,0,0
128,35,0,0
128,36,0,0
128,37,0,0
128,38,0,0
128,39,0,0
128,40,0,0
128,41,6.48,0.31
128,42,6.72206,2.28706
128,43,8.42,2.4745
128,44,9.11488,1.13
128,45,8.36275,2.6905
128,46,9.02308,-0.618718
128,47,6.97225,-2.31975
128,48,6.36923,-4.25513
128,49,6.20692,-5.26026
128,50,6.422,-6.096
128,51,0,0
128,52,0,0
128,53,0,0
128,54,0,0
128,55,0,0
128,56,0,0
128,57,0,0
128,58,0,0
128,59,0,0
128,60,0,0
128,61,0,0
128,62,0,0
128,63,0,0
128,64,0,0
128,65,0,0
129,20,0,0
129,21,0,0
129,22,0,0
129,23,0,0
129,24,0,0
129,25,0,0
129,26,0,0
129,27,0,0
129,28,0,0
129,29,0,0
129,30,0,0
129,31,0,0
129,32,0,0
129,33,0,0
129,34,0,0
129,35,0,0
129,36,0,0
129,37,0,0
129,38,0,0
129,39,0,0
129,40,0,0
129,41,0,0
129,42,10.7608,1.17
129,43,11.109,1.50805
129,44,9.81634,2.19488
129,45,11.0907,1.2945
129,46,9.35538,1.54462
129,47,9.12825,-2.13625
129,48,7.40667,-4.16513
129,49,7.75189,-4.73162
129,50,7.59,-6.415
129,51,0,0
129,52,0,0
129,53,0,0
129,54,0,0
129,55,0,0
129,56,0,0
129,57,0,0
129,58,0,0
129,59,0,0
129,60,0,0
129,61,0,0
129,62,0,0
129,63,0,0
129,64,0,0
129,65,0,0
130,20,0,0
130,21,0,0
130,22,0,0
130,23,0,0
130,24,0,0
130,25,0,0
130,26,0,0
130,27,0,0
130,28,0,0
130,29,0,0
130,30,0,0
130,31,0,0
130,32,0,0
130,33,0,0
130,34,0,0
130,35,0,0
130,36,0,0
130,37,0,0
130,38,0,0
130,39,0,0
130,40,0,0
130,41,0,0
130,42,0,0
130,43,10.3867,-0.320909
130,44,10.7337,1.43927
130,45,10.2528,2.18692
130,46,11.5198,1.66049
130,47,9.72231,-1.61128
130,48,8.84447,-4.76079
130,49,8.34714,-4.74238
130,50,0,0
130,51,0,0
130,52,0,0
130,53,0,0
130,54,0,0
130,55,0,0
130,56,0,0
130,57,0,0
130,58,0,0
130,59,0,0
130,60,0,0
130,61,0,0
130,62,0,0
130,63,0,0
130,64,0,0
130,65,0,0
131,20,0,0
131,21,0,0
131,22,0,0
131,23,0,0
131,24,0,0
131,25,0,0
131,26,0,0
131,27,0,0
131,28,0,0
131,29,0,0
131,30,0,0
131,31,0,0
131,32,0,0
131,33,0,0
131,34,0,0
131,35,0,0
131,36,0,0
131,37,0,0
131,38,0,0
131,39,0,0
131,40,0,0
131,41,0,0
131,42,8.86,-1.97
131,43,11.4225,-0.6115
131,44,11.8186,0.984483
131,45,11.8552,2.15485
131,46,11.8492,1.38525
131,47,10.3897,0.6725
131,48,8.965,-4.53667
131,49,0,0
131,50,0,0
131,51,0,0
131,52,0,0
131,53,0,0
131,54,0,0
131,55,0,0
131,56,0,0
131,57,0,0
131,58,0,0
131,59,0,0
131,60,0,0
131,61,0,0
131,62,0,0
131,63,0,0
131,64,0,0
131,65,0,0
132,20,0,0
132,21,0,0
132,22,0,0
132,23,0,0
132,24,0,0
132,25,0,0
132,26,0,0
132,27,0,0
132,28,0,0
132,29,0,0
132,30,0,0
132,31,0,0
132,32,0,0
132,33,0,0
132,34,0,0
132,35,0,0
132,36,0,0
132,37,0,0
132,38,0,0
132,39,0,0
132,40,0,0
132,41,0,0
132,42,0,0
132,43,0,0
132,44,0,0
132,45,10.9482,1.96455
132,46,10.9139,2.29421
132,47,10.9222,2.76488
132,48,7.87143,-0.188571
132,49,0,0
132,50,0,0
132,51,0,0
132,52,0,0
132,53,0,0
132,54,0,0
132,55,0,0
132,56,0,0
132,57,0,0
132,58,0,0
132,59,0,0
132,60,0,0
132,61,0,0
132,62,0,0
132,63,0,0
132,64,0,0
132,65,0,0
133,20,0,0
133,21,0,0
133,22,0,0
133,23,0,0
133,24,0,0
133,25,0,0
133,26,0,0
133,27,0,0
133,28,0,0
133,29,0,0
133,30,0,0
133,31,0,0
133,32,0,0
133,33,0,0
133,34,0,0
133,35,0,0
133,36,0,0
133,37,0,0
133,38,0,0
133,39,0,0
133,40,0,0
133,41,0,0
133,42,0,0
133,43,0,0
133,44,0,0
133,45,10.299,3.174
133,46,8.18615,4.4659
133,47,7.31333,6.03
133,48,3.79368,4.34789
133,49,0,0
133,50,0,0
133,51,0,0
133,52,0,0
133,53,0,0
133,54,0,0
133,55,0,0
133,56,0,0
133,57,0,0
133,58,0,0
133,59,0,0
133,60,0,0
133,61,0,0
133,62,0,0
133,63,0,0
133,64,0,0
133,65,0,0
134,20,0,0
134,21,0,0
134,22,0,0
134,23,0,0
134,24,0,0
134,25,0,0
134,26,0,0
134,27,0,0
134,28,0,0
134,29,0,0
134,30,0,0
134,31,0,0
134,32,0,0
134,33,0,0
134,34,0,0
134,35,0,0
134,36,0,0
134,37,0,0
134,38,0,0
134,39,0,0
134,40,0,0
134,41,0,0
134,42,0,0
134,43,0,0
134,44,0,0
134,45,0,0
134,46,6.24375,6.3525
134,47,4.67,7.47542
134,48,1,6.94767
134,49,0,0
134,50,0,0
134,51,0,0
134,52,0,0
134,53,0,0
134,54,0,0
134,55,0,0
134,56,0,0
134,57,0,0
134,58,0,0
134,59,0,0
134,60,0,0
134,61,0,0
134,62,0,0
134,63,0,0
134,64,0,0
134,65,0,0
135,20,0,0
135,21,0,0
135,22,0,0
135,23,0,0
135,24,0,0
135,25,0,0
135,26,0,0
135,27,0,0
135,28,0,0
135,29,0,0
135,30,0,0
135,31,0,0
135,32,0,0
135,33,0,0
135,34,0,0
135,35,0,0
135,36,0,0
135,37,0,0
135,38,0,0
135,39,0,0
135,40,0,0
135,41,0,0
135,42,0,0
135,43,0,0
135,44,0,0
135,45,0,0
135,46,0,0
135,47,0,0
135,48,-0.865714,7.94571
135,49,0,0
135,50,0,0
135,51,0,0
135,52,0,0
135,53,0,0
135,54,0,0
135,55,0,0
135,56,0,0
135,57,0,0
135,58,0,0
135,59,0,0
135,60,0,0
135,61,0,0
135,62,0,0
135,63,0,0
135,64,0,0
135,65,0,0
136,20,0,0
136,21,0,0
136,22,0,0
136,23,0,0
136,24,0,0
136,25,0,0
136,26,0,0
136,27,0,0
136,28,0,0
136,29,0,0
136,30,0,0
136,31,0,0
136,32,0,0
136,33,0,0
136,34,0,0
136,35,0,0
136,36,0,0
136,37,0,0
136,38,0,0
136,39,0,0
136,40,0,0
136,41,0,0
136,42,0,0
136,43,0,0
136,44,0,0
136,45,0,0
136,46,0,0
136,47,0,0
136,48,0,0
136,49,0,0
136,50,0,0
136,51,0,0
136,52,0,0
136,53,0,0
136,54,0,0
136,55,0,0
136,56,0,0
136,57,0,0
136,58,0,0
136,59,0,0
136,60,0,0
136,61,0,0
136,62,0,0
136,63,0,0
136,64,0,0
136,65,0,0
137,20,0,0
137,21,0,0
137,22,0,0
137,23,0,0
137,24,0,0
137,25,0,0
137,26,0,0
137,27,0,0
137,28,0,0
137,29,0,0
137,30,0,0
137,31,0,0
137,32,0,0
137,33,0,0
137,34,0,0
137,35,0,0
137,36,0,0
137,37,0,0
137,38,0,0
137,39,0,0
137,40,0,0
137,41,0,0
137,42,0,0
137,43,0,0
137,44,0,0
137,45,0,0
137,46,0,0
137,47,0,0
137,48,0,0
137,49,0,0
137,50,0,0
137,51,0,0
137,52,0,0
137,53,0,0
137,54,0,0
137,55,0,0
137,56,0,0
137,57,0,0
137,58,0,0
137,59,0,0
137,60,0,0
137,61,0,0
137,62,0,0
137,63,0,0
137,64,0,0
137,65,0,0
138,20,0,0
138,21,0,0
138,22,0,0
138,23,0,0
138,24,0,0
138,25,0,0
138,26,0,0
138,27,0,0
138,28,0,0
138,29,0,0
138,30,0,0
138,31,0,0
138,32,0,0
138,33,0,0
138,34,0,0
138,35,0,0
138,36,0,0
138,37,0,0
138,38,0,0
138,39,0,0
138,40,0,0
138,41,0,0
138,42,0,0
138,43,0,0
138,44,0,0
138,45,0,0
138,46,0,0
138,47,0,0
138,48,0,0
138,49,0,0
138,50,0,0
138,51,0,0
138,52,0,0
138,53,0,0
138,54,0,0
138,55,0,0
138,56,0,0
138,57,0,0
138,58,0,0
138,59,0,0
138,60,0,0
138,61,0,0
138,62,0,0
138,63,0,0
138,64,0,0
138,65,0,0
139,20,0,0
139,21,0,0
139,22,0,0
139,23,0,0
139,24,0,0
139,25,0,0
139,26,0,0
139,27,0,0
139,28,0,0
139,29,0,0
139,30,0,0
139,31,0,0
139,32,0,0
139,33,0,0
139,34,0,0
139,35,0,0
139,36,0,0
139,37,0,0
139,38,0,0
139,39,0,0
139,40,0,0
139,41,0,0
139,42,0,0
139,43,0,0
139,44,0,0
139,45,0,0
139,46,0,0
139,47,0,0
139,48,0,0
139,49,0,0
139,50,0,0
139,51,0,0
139,52,0,0
139,53,0,0
139,54,0,0
139,55,0,0
139,56,0,0
139,57,0,0
139,58,0,0
139,59,0,0
139,60,0,0
139,61,0,0
139,62,0,0
139,63,0,0
139,64,0,0
139,65,0,0
140,20,0,0
140,21,0,0
140,22,0,0
140,23,0,0
140,24,0,0
140,25,0,0
140,26,0,0
140,27,0,0
140,28,0,0
140,29,0,0
140,30,0,0
140,31,0,0
140,32,0,0
140,33,0,0
140,34,0,0
140,35,0,0
140,36,0,0
140,37,0,0
140,38,0,0
140,39,0,0
140,40,0,0
140,41,0,0
140,42,0,0
140,43,0,0
140,44,0,0
140,45,0,0
140,46,0,0
140,47,0,0
140,48,0,0
140,49,0,0
140,50,0,0
140,51,0,0
140,52,0,0
140,53,0,0
140,54,0,0
140,55,0,0
140,56,0,0
140,57,0,0
140,58,0,0
140,59,0,0
140,60,0,0
140,61,0,0
140,62,0,0
140,63,0,0
140,64,0,0
140,65,0,0
